552.0 2.3947774128397884e+16
542.0 106879799807.421
532.0 5832393326.3319435
522.0 1280209060.8502471
512.0 513681951.6409117
502.0 290626445.22172064
492.0 206053110.3033224
482.0 171802815.60807276
472.0 162186726.38123626
462.0 169186805.36751133
452.0 191815462.36874917
442.0 233650373.38328555
432.0 303251910.2609287
422.0 416817055.408885
412.0 603992770.5209626
402.0 919623251.2748637
392.0 1467610044.9114575
382.0 2450533444.497697
372.0 4275922856.466682
362.0 7790751088.62365
352.0 14816256705.190632
342.0 29408775999.591087
332.0 60938373367.89449
322.0 131882052278.4973
312.0 298315299381.4442
302.0 705937876785.1696
292.0 542449928913716.8
282.0 770859862020949.5
272.0 1088998574588653.0
262.0 1534955975865509.5
252.0 2169669794908102.0
242.0 3099664796082273.5
232.0 3591405094712183.0
222.0 4245432390612597.5
