552.0 2.6802256614816558
542.0 2.679235196925878
532.0 2.67923653891408
522.0 2.679235492907184
512.0 2.67923682713242
502.0 2.679236805885029
492.0 2.6792397295600376
482.0 2.679238136861317
472.0 2.679236858465522
462.0 2.679243347484113
452.0 2.67924345128554
442.0 2.6792432766288066
432.0 2.6792433447920123
422.0 2.679243226795796
412.0 2.6792428211974957
402.0 2.6792425917456524
392.0 2.6792427114419977
382.0 2.679242521842418
372.0 2.6792426648317913
362.0 2.6792423847677163
352.0 2.679242067518328
342.0 2.6792416833221973
332.0 2.679241625357908
322.0 2.6792413897063287
312.0 2.6792415318366203
302.0 2.679241045370566
292.0 3.228309349416849
282.0 3.1542320847969507
272.0 3.079302750433391
262.0 3.004099903792144
252.0 2.929247533104759
242.0 2.8555013370277864
232.0 2.7658164735826425
222.0 2.6792348100838526
