552.0 1481247.3964719684
551.0 377924.66139302123
550.0 171428.02083576377
549.0 98420.36824620834
548.0 64293.5249649857
547.0 45575.215553169495
546.0 34180.69797982589
545.0 26715.584231454475
544.0 21550.096675849833
543.0 17821.565971213382
542.0 15038.143459229444
541.0 12902.474958202032
540.0 11226.050953291948
539.0 9884.579416796914
538.0 8793.357694617362
537.0 7893.012772220615
536.0 7140.901564140331
535.0 6505.739755057773
534.0 5964.14338361573
533.0 5498.34169380002
532.0 5094.628373421416
531.0 4742.290447780806
530.0 4432.8533665685845
529.0 4159.5397821257475
528.0 3916.875475456152
527.0 3700.398346554173
526.0 3506.44072183091
525.0 3331.9645645541095
524.0 3174.435360977883
523.0 3031.724624538005
522.0 2902.033814061306
521.0 2783.834442632535
520.0 2675.820546748591
519.0 2576.8706770882022
518.0 2486.0172863250027
517.0 2402.421909125126
516.0 2325.354911504568
515.0 2254.178870194373
514.0 2188.3348548629333
513.0 2127.3310462203804
512.0 2070.733244887198
511.0 2018.1569193054054
510.0 1969.2605130583172
509.0 1923.7397879780517
508.0 1881.323023219131
507.0 1841.76692493241
506.0 1804.853128435065
505.0 1770.3851964600674
504.0 1738.1860344122406
503.0 1708.0956574974305
502.0 1679.9692558477536
501.0 1653.6755128982952
500.0 1629.0951397108643
499.0 1606.119594029433
498.0 1584.6499578532462
497.0 1564.5959514391102
496.0 1545.8750650591799
495.0 1528.4117926776603
494.0 1512.1369540748344
493.0 1496.9870939254793
492.0 1482.9039479983444
491.0 1469.8339680409567
490.0 1457.7278980936308
489.0 1446.540395975314
488.0 1436.2296945320563
487.0 1426.7572979608212
486.0 1418.0877091376833
485.0 1410.1881844069328
484.0 1403.0285127398597
483.0 1396.5808165612207
482.0 1390.8193718766931
481.0 1385.7204456241523
480.0 1381.2621484225724
479.0 1377.4243011096842
478.0 1374.1883136488768
477.0 1371.5370751504367
476.0 1369.4548538959982
475.0 1367.927206380968
474.0 1366.940894499647
473.0 1366.4838100945833
472.0 1366.5449061767
471.0 1367.1141341975385
470.0 1368.1823868210345
469.0 1369.741445700694
468.0 1371.7839338195124
467.0 1374.3032719960938
466.0 1377.2936392007607
465.0 1380.7499363618622
464.0 1384.6677533746235
463.0 1389.0433390536277
462.0 1393.8735737956772
461.0 1399.155944742833
460.0 1404.888523255979
459.0 1411.0699445276769
458.0 1417.6993891798058
457.0 1424.776566706341
456.0 1432.3017006351638
455.0 1440.2755152948707
454.0 1448.699224083694
453.0 1457.5745191475328
452.0 1466.9035623830318
451.0 1476.688977690183
450.0 1486.9338444059886
449.0 1497.6416918579573
448.0 1508.8164949821248
447.0 1520.4626709561787
446.0 1532.58507680351
445.0 1545.1890079286832
444.0 1558.2801975494945
443.0 1571.8648169946935
442.0 1585.9494768403229
441.0 1600.5412288611994
440.0 1615.6475687773332
439.0 1631.2764397780982
438.0 1647.436236809959
437.0 1664.1358116162085
436.0 1681.3844785197211
435.0 1699.192020942272
434.0 1717.5686986560493
433.0 1736.52525576553
432.0 1756.0729294197051
431.0 1776.223459256805
430.0 1796.9890975856804
429.0 1818.3826203099247
428.0 1840.4173386024866
427.0 1863.1071113407368
426.0 1886.4663583133708
425.0 1910.5100742124853
424.0 1935.2538434260894
423.0 1960.7138556477132
422.0 1986.906922321934
421.0 2013.8504939460286
420.0 2041.562678250154
419.0 2070.0622592798813
418.0 2099.3687174069714
417.0 2129.502250296173
416.0 2160.483794857385
415.0 2192.3350502150197
414.0 2225.078501727853
413.0 2258.737446094978
412.0 2293.3360175856596
411.0 2328.8992154327175
410.0 2365.452932431737
409.0 2403.023984790285
408.0 2441.6401432741586
407.0 2481.330165699803
406.0 2522.1238308248626
405.0 2564.051973691472
404.0 2607.1465224795234
403.0 2651.4405369304413
402.0 2696.9682484046516
401.0 2743.765101639313
400.0 2791.867798276159
399.0 2841.314342232833
398.0 2892.144086994441
397.0 2944.3977849063294
396.0 2998.1176385524936
395.0 3053.347354308698
394.0 3110.1321981633096
393.0 3168.5190539035966
392.0 3228.556483770139
391.0 3290.29479168674
390.0 3353.786089178582
389.0 3419.0843640970234
388.0 3486.2455522748783
387.0 3555.3276122425123
386.0 3626.3906031410306
385.0 3699.4967659758872
384.0 3774.7106083608337
383.0 3852.098992910222
382.0 3931.7312294443436
381.0 4013.679171181861
380.0 4098.017315100966
379.0 4184.822906660445
378.0 4274.176049081204
377.0 4366.159817398409
376.0 4460.860377505689
375.0 4558.367110422847
374.0 4658.772742031002
373.0 4762.173478530784
372.0 4868.669147892187
371.0 4978.363347578428
370.0 5091.363598839985
369.0 5207.781507890537
368.0 5327.73293429174
367.0 5451.33816689107
366.0 5578.7221076739515
365.0 5710.014463910143
364.0 5845.349948994089
363.0 5984.868492399076
362.0 6128.7154591866765
361.0 6277.041879536589
360.0 6430.004688784796
359.0 6587.766978484941
358.0 6750.498259032917
357.0 6918.374734424915
356.0 7091.57958974673
355.0 7270.3032920263395
354.0 7454.743905112346
353.0 7645.107419278356
352.0 7841.608096288559
351.0 8044.468830700563
350.0 8253.921528221414
349.0 8470.207501978277
348.0 8693.577887609117
347.0 8924.294078129968
346.0 9162.628179585687
345.0 9408.86348854503
344.0 9663.294992560366
343.0 9926.2298947721
342.0 10197.98816390226
341.0 10478.903110950925
340.0 10769.321993980488
339.0 11069.606652449473
338.0 11380.13417263858
337.0 11701.297585797312
336.0 12033.506600729032
335.0 12377.188372631212
334.0 12732.78831010396
333.0 13100.77092235434
332.0 13481.620708731512
331.0 13875.84309285287
330.0 14283.965403707885
329.0 14706.537906260795
328.0 15144.134884219866
327.0 15597.355777790634
326.0 16066.826379394173
325.0 16553.20009050212
324.0 17057.159242921094
323.0 17579.41648805531
322.0 18120.716257876506
321.0 18681.836301552372
320.0 19263.58930191102
319.0 19866.82457616765
318.0 20492.429865597394
317.0 21141.333219115626
316.0 21814.504976020053
315.0 22512.95985346143
314.0 23237.75914454085
313.0 23990.013033281968
312.0 24770.88303310513
311.0 25581.584555823865
310.0 26423.38961861059
309.0 27297.629696827724
308.0 28205.698731097647
307.0 29149.056297500065
306.0 30129.23095031927
305.0 31147.82374735053
304.0 32206.511968380946
303.0 33307.05303812216
302.0 34451.28866556302
301.0 35641.1492124566
300.0 36878.65830444737
299.0 38165.93769918434
298.0 39505.212426667975
297.0 40898.8162180336
296.0 42349.19723999745
295.0 43858.92415328179
294.0 45430.69251449292
293.0 47067.33154217186
292.0 48771.81126905296
291.0 50547.25010398594
290.0 52396.92282847752
289.0 54324.26905441889
288.0 56332.902171290254
287.0 58426.61881296009
286.0 60609.40887616344
285.0 62885.46612484469
284.0 65259.19941677646
283.0 67735.24459127901
282.0 70318.47705941183
281.0 73014.02514075063
280.0 75827.2841938055
279.0 78763.93159024861
278.0 81829.94258650014
277.0 85031.60714979192
276.0 88375.54779968318
275.0 91868.73853012524
274.0 95518.52488157053
273.0 99332.64523735782
272.0 103319.25342365989
271.0 107486.94269772299
270.0 111844.77121491912
269.0 116402.28907140579
268.0 121169.56702584913
267.0 126157.22701086274
266.0 131376.4745525194
265.0 136839.13322454292
264.0 142557.68127268378
263.0 148545.29055430382
262.0 154815.86794842695
261.0 161384.09940251545
260.0 168265.49679404337
259.0 175476.44779763586
258.0 183034.26896220547
257.0 190957.2622171743
256.0 199264.77504267756
255.0 207977.26455562332
254.0 217116.36578175172
253.0 226704.96440351888
252.0 236767.2742947917
251.0 247328.9201761628
250.0 258417.02574925064
249.0 270060.30769477715
248.0 282289.17594780505
247.0 295135.8406941769
246.0 308634.426565392
245.0 322821.0945448733
244.0 337734.1721371166
243.0 353414.292392865
242.0 369904.54242828535
241.0 387250.62212463544
240.0 405501.01374720706
239.0 424707.16327893524
238.0 444923.6743250147
237.0 466208.5155109979
236.0 488623.2423680948
235.0 512233.2347765892
234.0 537107.9511217208
233.0 563321.2004065377
232.0 590951.4336640973
231.0 620082.0561169054
230.0 650801.7616460541
229.0 683204.8912564955
228.0 717391.8173591058
227.0 753469.3558358022
226.0 791551.2080116564
225.0 831758.4348289709
224.0 874219.9657037584
223.0 919073.1447463245
222.0 966464.3172458406
221.0 1016549.4595560246
220.0 1069494.855776108
219.0 1125477.8249009806
218.0 1184687.5024178273
217.0 1247325.6806566657
216.0 1313607.7125607526
215.0 1383763.4839328968
214.0 1458038.4596380007
213.0 1536694.8097033626
212.0 1620012.6217610803
211.0 1708291.2068233169
210.0 1801850.505976912
209.0 1901032.6062325963
208.0 2006203.3744708837
207.0 2117754.21919723
206.0 2236103.990659446
205.0 2361701.03079641
204.0 2495025.3854871583
203.0 2636591.192660658
202.0 2786949.2610174995
201.0 2946689.8554164036
200.0 3116445.7063988773
199.0 3296895.2628793376
198.0 3488766.208725454
197.0 3692839.265809869
196.0 3909952.3081464283
195.0 4141004.813945003
194.0 4386962.68485288
193.0 4648863.464313874
192.0 4927821.989893629
191.0 5225036.517617671
