552.0 161580.1577175771
551.0 41225.47424467435
550.0 18700.02722693657
549.0 10736.07194971045
548.0 7013.384751800945
547.0 4971.519635837576
546.0 3728.561875370448
545.0 2914.238582911369
544.0 2350.767351899772
543.0 1944.044895715267
542.0 1640.41847277456
541.0 1407.451546351339
540.0 1224.580774216939
539.0 1078.247904396017
538.0 959.2132459084646
537.0 861.0001621875517
536.0 778.9569816140573
535.0 709.671090862666
534.0 650.5916775753863
533.0 599.7802394018568
532.0 555.741639141812
531.0 517.3072643503423
530.0 483.5526785161164
529.0 453.7385825144515
528.0 427.2678275025011
527.0 403.6536704659776
526.0 382.4960274767263
525.0 363.4634978143024
524.0 346.2796069804032
523.0 330.712171481871
522.0 316.5649995366193
521.0 303.6713579187039
520.0 291.8887871110273
519.0 281.0949551124428
518.0 271.1843181427784
517.0 262.0654131816029
516.0 253.6586489503141
515.0 245.8944928694283
514.0 238.7119746706773
513.0 232.0574448161007
512.0 225.8835391689649
511.0 220.148311549358
510.0 214.8145036709137
509.0 209.8489280652407
508.0 205.2219443784238
507.0 200.9070131825389
506.0 196.8803144189146
505.0 193.1204199556508
504.0 189.608011633818
503.0 186.3256376973254
502.0 183.2575017293522
501.0 180.389279214411
500.0 177.7079576567551
499.0 175.2016968500222
498.0 172.859706438596
497.0 170.6721383611881
496.0 168.6299921396409
495.0 166.7250312854367
494.0 164.949709354383
493.0 163.297104395777
492.0 161.7608607233925
491.0 160.3351370880899
490.0 159.0145604605207
489.0 157.7941847413473
488.0 156.6694538089258
487.0 155.636168393141
486.0 154.690456331317
485.0 153.8287458196709
484.0 153.0477413231046
483.0 152.3444018485906
482.0 151.7159213239838
481.0 151.1597108556731
480.0 150.6733826658657
479.0 150.2547355340027
478.0 149.9017415874582
477.0 149.6125343046336
476.0 149.3853976092399
475.0 149.218755948297
474.0 149.1111652583676
473.0 149.0613047351111
472.0 149.0679693305107
471.0 149.1300629102892
470.0 149.2465920112334
469.0 149.4166601445284
468.0 149.6394625968137
467.0 149.9142816857016
466.0 150.2404824309073
465.0 150.6175086061026
464.0 151.0448791401121
463.0 151.5221848392172
462.0 152.049085405113
461.0 152.625306725601
460.0 153.2506384173148
459.0 153.9249316018148
458.0 154.6480968981877
457.0 155.4201026169195
456.0 156.2409731412903
455.0 157.1107874838472
454.0 158.0296780067314
453.0 158.9978292957197
452.0 160.0154771788055
451.0 161.0829078810821
450.0 162.2004573084621
449.0 163.368510453552
448.0 164.5875009176476
447.0 165.8579105434646
446.0 167.1802691537776
445.0 168.5551543916637
444.0 169.9831916585509
443.0 171.4650541466919
442.0 173.001462963123
441.0 174.5931873425378
440.0 176.2410449468774
439.0 177.9459022497598
438.0 179.7086750042041
437.0 181.5303287923808
436.0 183.4118796564202
435.0 185.3543948095615
434.0 187.358993427179
433.0 189.4268475174732
432.0 191.5591828718347
431.0 193.7572800951119
430.0 196.0224757162333
429.0 198.3561633798546
428.0 200.7597951198694
427.0 203.2348827158746
426.0 205.7829991338286
425.0 208.4057800523633
424.0 211.1049254764051
423.0 213.8822014399343
422.0 216.7394417999226
421.0 219.6785501236677
420.0 222.7015016719532
419.0 225.8103454806486
418.0 229.0072065435592
417.0 232.2942880995653
416.0 235.6738740272488
415.0 239.1483313504804
414.0 242.7201128585949
413.0 246.3917598450475
412.0 250.165904968666
411.0 254.0452752418261
410.0 258.0326951501632
409.0 262.1310899086411
408.0 266.3434888591019
407.0 270.6730290146658
406.0 275.122958756642
405.0 279.6966416899097
404.0 284.3975606630174
403.0 289.229321959591
402.0 294.1956596679609
401.0 299.3004402362524
400.0 304.5476672205734
399.0 309.9414862342894
398.0 315.4861901067734
397.0 321.1862242604464
396.0 327.0461923153348
395.0 333.0708619308495
394.0 339.2651708949359
393.0 345.634233471261
392.0 352.183347015629
391.0 358.9179988733405
390.0 365.8438735698027
389.0 372.9668603072896
388.0 380.2930607813798
387.0 387.828797331272
386.0 395.5806214388545
385.0 403.5553225921644
384.0 411.759937529582
383.0 420.2017598820007
382.0 428.8883502309413
381.0 437.8275466015927
380.0 447.0274754105911
379.0 456.496562889398
378.0 466.2435470051467
377.0 476.2774899018913
376.0 486.6077908864012
375.0 497.2441999837655
374.0 508.1968320893939
373.0 519.4761817453276
372.0 531.0931385701224
371.0 543.059003373141
370.0 555.3855049855359
369.0 568.0848178419437
368.0 581.1695803485447
367.0 594.652914075029
366.0 608.5484438099039
365.0 622.8703185205601
364.0 637.6332332616986
363.0 652.8524520779464
362.0 668.5438319487872
361.0 684.7238478265562
360.0 701.4096188207325
359.0 718.6189355846643
358.0 736.3702889636828
357.0 754.6828999667591
356.0 773.5767511269421
355.0 793.0726193195133
354.0 813.1921101101439
353.0 833.9576937093975
352.0 855.392742613815
351.0 877.5215710182174
350.0 900.3694760882295
349.0 923.9627811870056
348.0 948.3288811549315
347.0 973.4962897466016
346.0 999.4946893349612
345.0 1026.354982998294
344.0 1054.109349112314
343.0 1082.791298575999
342.0 1112.435734807038
341.0 1143.079016650071
340.0 1174.759024348884
339.0 1207.515228741989
338.0 1241.388763849839
337.0 1276.422503031355
336.0 1312.661138897127
335.0 1350.151267177437
334.0 1388.941474753877
333.0 1429.08243207563
332.0 1470.626990193403
331.0 1513.630282657475
330.0 1558.149832540282
329.0 1604.24566485853
328.0 1651.980424685803
327.0 1701.419501263076
326.0 1752.63115843226
325.0 1805.686671736575
324.0 1860.660472551367
323.0 1917.630299630165
322.0 1976.677358472948
321.0 2037.886488947435
320.0 2101.346341619246
319.0 2167.149563273743
318.0 2235.392992140371
317.0 2306.177863360853
316.0 2379.610025274323
315.0 2455.80016712665
314.0 2534.864058847331
313.0 2616.922803575564
312.0 2702.103103658365
311.0 2790.537540886589
310.0 2882.364871781148
309.0 2977.730338790778
308.0 3076.785998314809
307.0 3179.691066520443
306.0 3286.612283982513
305.0 3397.724300237391
304.0 3513.21007940924
303.0 3633.261328138526
302.0 3758.078947118526
301.0 3887.873507626725
300.0 4022.865754524213
299.0 4163.287137288216
298.0 4309.380370740918
297.0 4461.400027241913
296.0 4619.613162223735
295.0 4784.299975068087
294.0 4955.754507447272
293.0 5134.285381391074
292.0 5320.216579482501
291.0 5513.888269741455
290.0 5715.657677918021
289.0 5925.900010094086
288.0 6145.009428678616
287.0 6373.400085082616
286.0 6611.50721257314
285.0 6859.788283035827
284.0 7118.724231617622
283.0 7388.820753484867
282.0 7670.609677209698
281.0 7964.650419597124
280.0 8271.5315270851
279.0 8591.872309191025
278.0 8926.32456984519
277.0 9275.574442842526
276.0 9640.34433806366
275.0 10021.39500556642
274.0 10419.52772512876
273.0 10835.58662934001
272.0 11270.46116889034
271.0 11725.08872929983
270.0 12200.45740896256
269.0 12697.60896906369
268.0 13217.64196665558
267.0 13761.71508296258
266.0 14331.05065982611
265.0 14926.93845810016
264.0 15550.739652779
263.0 16203.89108067667
262.0 16887.90975759446
261.0 17604.39768311249
260.0 18355.04695243016
259.0 19141.64519606546
258.0 19966.08136971279
257.0 20830.35191815889
256.0 21736.56733887975
255.0 22686.95917279458
254.0 23683.88745164384
253.0 24729.84863360833
252.0 25827.48406109159
251.0 26979.58897707917
250.0 28189.12213916674
249.0 29459.21607323155
248.0 30793.18801184088
247.0 32194.55156583443
246.0 33667.02918114037
245.0 35214.56543677953
244.0 36841.34124421611
243.0 38551.78901275829
242.0 40350.60885060032
241.0 42242.78587639182
240.0 44233.60872192485
239.0 46328.68931269957
238.0 48533.98401978575
237.0 50855.81628360348
236.0 53300.90081802521
235.0 55876.36951161538
234.0 58589.79915193029
233.0 61449.24110863441
232.0 64463.25312186302
231.0 67640.93335377214
230.0 70991.95687371877
229.0 74526.61476102965
228.0 78255.85602396497
227.0 82191.33254936583
226.0 86345.4473146696
225.0 90731.40611264066
224.0 95363.27305939067
223.0 100256.0301782179
222.0 105425.6413755991
221.0 110889.1211515376
220.0 116664.6084145278
219.0 122771.445801881
218.0 129230.264939296
217.0 136063.0781095199
216.0 143293.3768390989
215.0 150946.2379547431
214.0 159048.437707117
213.0 167628.5746101903
212.0 176717.2016991114
211.0 186346.9689691941
210.0 196552.7768235675
209.0 207371.9414278358
208.0 218844.372947173
207.0 231012.7677253461
206.0 243922.8155568238
205.0 257623.4233030566
204.0 272166.9562131128
203.0 287609.4984278648
202.0 304011.1342768621
201.0 321436.2521189936
200.0 339953.8726330013
199.0 359638.003633418
198.0 380568.0236726609
197.0 402829.0968925346
196.0 426512.6218100055
195.0 451716.7169644646
194.0 478546.7466190871
193.0 507115.8899994944
192.0 537545.757871126
191.0 569967.0606055581
