792.0 1.0
782.0 1.0
772.0 1.0
762.0 0.9900406723344359
752.0 0.2347518364007236
742.0 0.021103997920728257
732.0 0.004663451512222361
722.0 0.0017751460988607581
712.0 0.0008921002684455503
702.0 0.0005372073415609302
692.0 0.00036704410949417454
682.0 0.00027072065614941465
672.0 0.0002115562178498509
662.0 0.00017248450999063358
652.0 0.00014521129114464237
642.0 0.00012564779846058194
632.0 0.00011058421038934174
622.0 9.887027285060412e-05
612.0 8.95390631834303e-05
602.0 8.194824207741203e-05
592.0 7.566707117878657e-05
582.0 7.039081595716645e-05
572.0 6.588968022580577e-05
562.0 6.20113678865275e-05
