792.0 428292274.0536875
791.0 54194163.07039016
790.0 16255149.63819185
789.0 6942198.060666201
788.0 3598315.4199999073
787.0 2108132.0955238505
786.0 1344032.801217919
785.0 911583.7187542104
784.0 648203.9464795643
783.0 478434.0178533679
782.0 363946.08448644314
781.0 283840.6914530263
780.0 226048.63346904868
779.0 183261.6847903244
778.0 150874.6110835713
777.0 125885.14978173874
776.0 106277.80394768753
775.0 90664.46775041122
774.0 78067.37254402234
773.0 67783.90444620539
772.0 59300.094412051745
771.0 52233.900320659624
770.0 46297.2055869985
769.0 41269.854620282225
768.0 36981.59476213424
767.0 33299.31234390445
766.0 30117.876303094843
765.0 27353.479868016253
764.0 24938.73776230263
763.0 22819.0340219084
762.0 20949.772039175492
761.0 19294.2831634123
760.0 17822.221264503594
759.0 16508.319565056056
758.0 15331.420112913096
757.0 14273.71027908379
756.0 13320.117780205133
755.0 12457.828048412206
754.0 11675.89673242052
753.0 10964.936689319093
752.0 10316.863693843772
751.0 9724.688724201687
750.0 9182.347415273982
749.0 8684.559339657662
748.0 8226.711355986025
747.0 7804.760476630808
746.0 7415.15264413336
745.0 7054.754534461446
744.0 6720.796075098368
743.0 6410.821814113909
742.0 6122.649630621438
741.0 5854.335558470545
740.0 5604.1437197086625
739.0 5370.520544546893
738.0 5152.0725997323325
737.0 4947.547464676393
736.0 4755.817190097073
735.0 4575.863951746042
734.0 4406.767575495809
733.0 4247.694662406836
732.0 4097.889085557913
731.0 3956.6636661370717
730.0 3823.3928659370263
729.0 3697.506358090101
728.0 3578.483358501023
727.0 3465.8476177169996
726.0 3359.1629874932564
725.0 3258.0294885468056
724.0 3162.0798163272766
723.0 3070.976230389072
722.0 2984.407780385218
721.0 2902.0878280330585
720.0 2823.7518298041323
719.0 2749.155349711118
718.0 2678.0722755257734
717.0 2610.2932151652562
716.0 2545.6240529140805
715.0 2483.8846476772487
714.0 2424.9076576457833
713.0 2368.5374776486065
712.0 2314.6292771083613
711.0 2263.048127946772
710.0 2213.668213030094
709.0 2166.372106830657
708.0 2121.0501209298704
707.0 2077.599707819279
706.0 2035.9249171847719
705.0 1995.9358994997597
704.0 1957.5484523160644
703.0 1920.6836051378657
702.0 1885.2672392019206
701.0 1851.2297388744496
700.0 1818.505671717575
699.0 1787.0334945818795
698.0 1756.7552833510279
697.0 1727.6164842037488
696.0 1699.5656844717253
695.0 1672.5544013613921
694.0 1646.5368869772813
693.0 1621.469948235512
692.0 1597.3127803912962
691.0 1574.0268130254315
690.0 1551.5755674431189
689.0 1529.9245245358595
688.0 1509.0410022445767
687.0 1488.894041840727
686.0 1469.4543023129086
685.0 1450.693962210369
684.0 1432.5866283521252
683.0 1415.1072508625525
682.0 1398.232044041124
681.0 1381.9384126164448
680.0 1366.2048829732805
679.0 1351.011038976026
678.0 1336.3374620437173
677.0 1322.165675160454
676.0 1308.4780905310738
675.0 1295.257960615786
674.0 1282.4893322990015
673.0 1270.1570039672783
672.0 1258.2464852892883
671.0 1246.7439595070796
670.0 1235.636248062831
669.0 1224.9107773990831
668.0 1214.555547782763
667.0 1204.559104014931
666.0 1194.910507898625
665.0 1185.5993123466908
664.0 1176.615537020486
663.0 1167.949645398315
662.0 1159.5925231799035
661.0 1151.535457940156
660.0 1143.7701199516048
659.0 1136.2885441008486
658.0 1129.083112829588
657.0 1122.1465400357379
656.0 1115.4718558747245
655.0 1109.0523924051881
654.0 1102.8817700271754
653.0 1096.9538846645644
652.0 1091.2628956466597
651.0 1085.8032142470336
650.0 1080.5694928404691
649.0 1075.5566146415028
648.0 1070.7596839905023
647.0 1066.174017155442
646.0 1061.7951336196516
645.0 1057.61874782773
644.0 1053.6407613636393
643.0 1049.8572555366602
642.0 1046.264484352447
641.0 1042.8588678478527
640.0 1039.6369857695906
639.0 1036.5955715779774
638.0 1033.7315067582429
637.0 1031.041815422974
636.0 1028.5236591901921
635.0 1026.1743323226613
634.0 1023.9912571147812
633.0 1021.9719795142578
632.0 1020.1141649666614
631.0 1018.4155944714627
630.0 1016.874160839069
629.0 1015.4878651388063
628.0 1014.2548133285118
627.0 1013.1732130569247
626.0 1012.2413706305696
625.0 1011.4576881373022
624.0 1010.8206607191961
623.0 1010.3288739878627
622.0 1009.9810015756125
621.0 1009.7758028164029
620.0 1009.7121205507691
619.0 1009.7888790492353
618.0 1010.0050820491741
617.0 1010.3598109001921
616.0 1010.8522228135332
615.0 1011.481549211208
614.0 1012.247094170797
613.0 1013.148232962147
612.0 1014.1844106723203
611.0 1015.3551409155058
610.0 1016.6600046246543
609.0 1018.0986489218529
608.0 1019.6707860646767
607.0 1021.376192465823
606.0 1023.2147077835649
605.0 1025.1862340806879
604.0 1027.2907350497508
603.0 1029.5282353025575
602.0 1031.8988197219926
601.0 1034.4026328743382
600.0 1037.039878480474
599.0 1039.810818944323
598.0 1042.7157749371352
597.0 1045.7551250361985
596.0 1048.9293054167492
595.0 1052.2388095958934
594.0 1055.6841882274819
593.0 1059.266048946912
592.0 1062.9850562649676
591.0 1066.8419315098636
590.0 1070.837452816729
589.0 1074.97245516385
588.0 1079.247830455065
587.0 1083.664527647781
586.0 1088.2235529260952
585.0 1092.9259699186548
584.0 1097.7728999608873
583.0 1102.765522401321
582.0 1107.9050749517241
581.0 1113.1928540810184
580.0 1118.6302154526347
579.0 1124.2185744055246
578.0 1129.9594064785667
577.0 1135.854247978629
576.0 1141.9046965922216
575.0 1148.1124120410375
574.0 1154.4791167814683
573.0 1161.0065967484566
572.0 1167.6967021438938
571.0 1174.5513482700367
570.0 1181.5725164082346
569.0 1188.7622547435021
568.0 1196.122679335441
567.0 1203.655975136028
566.0 1211.3643970549242
565.0 1219.2502710729586
564.0 1227.315995404445
563.0 1235.564041709165
562.0 1243.9969563547866
561.0 1252.6173617306042
560.0 1261.4279576134913
559.0 1270.4315225870585
558.0 1279.6309155150386
557.0 1289.02907706995
556.0 1298.6290313182324
555.0 1308.4338873629845
554.0 1318.446841045587
553.0 1328.671176707502
