792.0 2.679185906073586
782.0 2.822530100726365
772.0 2.679238090666759
762.0 2.679236986019519
752.0 2.679236812104864
742.0 2.6792386312200582
732.0 2.679235645605703
722.0 2.679237039173286
712.0 2.679236540601627
702.0 2.6792361786054384
692.0 2.6792367169090903
682.0 2.679236938036224
672.0 2.679237112067316
662.0 2.679238792866225
652.0 2.6792379129626176
642.0 2.6792374189131642
632.0 2.679237679015677
622.0 2.679238980952065
612.0 2.6792367276163223
602.0 2.679243521342276
592.0 2.679243024501877
582.0 2.67922946030953
572.0 2.679242272931111
562.0 2.6792426610826054
