792.0 1.0
791.0 1.0
790.0 1.0
789.0 1.0
788.0 1.0
787.0 1.0
786.0 1.0
785.0 1.0
784.0 1.0
783.0 1.0
782.0 1.0
781.0 1.0
780.0 1.0
779.0 1.0
778.0 1.0
777.0 1.0
776.0 1.0
775.0 1.0
774.0 1.0
773.0 1.0
772.0 1.0
771.0 0.9899475234331866
770.0 0.9899475234331865
769.0 0.9809870761944439
768.0 0.9204972256943369
767.0 0.7954332345966237
766.0 0.6330371983809371
765.0 0.4755359058226788
764.0 0.34430193605320614
763.0 0.24795056339934074
762.0 0.1764569297393448
761.0 0.1297762729206342
760.0 0.09313733218605247
759.0 0.06884097840664782
758.0 0.050804001678841026
757.0 0.03839026331057127
756.0 0.02962912024557507
755.0 0.0233033698399272
754.0 0.018641477023503383
753.0 0.013432014321635766
752.0 0.009735120167071787
751.0 0.008109327842663827
750.0 0.005964096712684275
749.0 0.004389460044351812
748.0 0.0034929057509304196
747.0 0.002574467675448888
746.0 0.0018881980628160377
745.0 0.001443913158476362
744.0 0.0010452375116369872
743.0 0.0007690243981600675
742.0 0.0005418572992362813
741.0 0.00038035339291631054
740.0 0.0002553019362130371
739.0 0.00016690328420210232
738.0 0.00010320737392111035
737.0 0.0
736.0 0.0
735.0 0.0
734.0 0.0
733.0 0.0
732.0 0.0
731.0 0.0
730.0 0.0
729.0 0.0
728.0 0.0
727.0 0.0
726.0 0.0
725.0 0.0
724.0 0.0
723.0 0.0
722.0 0.0
721.0 0.0
720.0 0.0
719.0 0.0
718.0 0.0
717.0 0.0
716.0 0.0
715.0 0.0
714.0 0.0
713.0 0.0
712.0 0.0
711.0 0.0
710.0 0.0
709.0 0.0
708.0 0.0
707.0 0.0
706.0 0.0
705.0 0.0
704.0 0.0
703.0 0.0
702.0 0.0
701.0 0.0
700.0 0.0
699.0 0.0
698.0 0.0
697.0 0.0
696.0 0.0
695.0 0.0
694.0 0.0
693.0 0.0
692.0 0.0
691.0 0.0
690.0 0.0
689.0 0.0
688.0 0.0
687.0 0.0
686.0 0.0
685.0 0.0
684.0 0.0
683.0 0.0
682.0 0.0
681.0 0.0
680.0 0.0
679.0 0.0
678.0 0.0
677.0 0.0
676.0 0.0
675.0 0.0
674.0 0.0
673.0 0.0
672.0 0.0
671.0 0.0
670.0 0.0
669.0 0.0
668.0 0.0
667.0 0.0
666.0 0.0
665.0 0.0
664.0 0.0
663.0 0.0
662.0 0.0
661.0 0.0
660.0 0.0
659.0 0.0
658.0 0.0
657.0 0.0
656.0 0.0
655.0 0.0
654.0 0.0
653.0 0.0
652.0 0.0
651.0 0.0
650.0 0.0
649.0 0.0
648.0 0.0
647.0 0.0
646.0 0.0
645.0 0.0
644.0 0.0
643.0 0.0
642.0 0.0
641.0 0.0
640.0 0.0
639.0 0.0
638.0 0.0
637.0 0.0
636.0 0.0
635.0 0.0
634.0 0.0
633.0 0.0
632.0 0.0
631.0 0.0
630.0 0.0
629.0 0.0
628.0 0.0
627.0 0.0
626.0 0.0
625.0 0.0
624.0 0.0
623.0 0.0
622.0 0.0
621.0 0.0
620.0 0.0
619.0 0.0
618.0 0.0
617.0 0.0
616.0 0.0
615.0 0.0
614.0 0.0
613.0 0.0
612.0 0.0
611.0 0.0
610.0 0.0
609.0 0.0
608.0 0.0
607.0 0.0
606.0 0.0
605.0 0.0
604.0 0.0
603.0 0.0
602.0 0.0
601.0 0.0
600.0 0.0
599.0 0.0
598.0 0.0
597.0 0.0
596.0 0.0
595.0 0.0
594.0 0.0
593.0 0.0
592.0 0.0
591.0 0.0
590.0 0.0
589.0 0.0
588.0 0.0
587.0 0.0
586.0 0.0
585.0 0.0
584.0 0.0
583.0 0.0
582.0 0.0
581.0 0.0
580.0 0.0
579.0 0.0
578.0 0.0
577.0 0.0
576.0 0.0
575.0 0.0
574.0 0.0
573.0 0.0
572.0 0.0
571.0 0.0
570.0 0.0
569.0 0.0
568.0 0.0
567.0 0.0
566.0 0.0
565.0 0.0
564.0 0.0
563.0 0.0
562.0 0.0
561.0 0.0
560.0 0.0
559.0 0.0
558.0 0.0
557.0 0.0
556.0 0.0
555.0 0.0
554.0 0.0
553.0 0.0
