792.0 46719766.9718397
791.0 5911707.549422488
790.0 1773174.183136235
789.0 757281.6399345682
788.0 392518.0725826022
787.0 229963.1495019312
786.0 146612.2624185807
785.0 99439.05481279145
784.0 70708.5772132229
783.0 52189.42105574469
782.0 39700.63736285988
781.0 30962.43328486688
780.0 24658.25353331703
779.0 19990.88876209196
778.0 16457.98231445051
777.0 13732.0358533498
776.0 11593.19122831621
775.0 9890.028521490685
774.0 8515.888971892391
773.0 7394.128757436299
772.0 6468.682159771716
771.0 5697.87455634937
770.0 5050.277082982786
769.0 4501.874321878587
768.0 4034.094458863241
767.0 3632.416943469545
766.0 3285.373675432902
765.0 2983.822690068956
764.0 2720.413342502978
763.0 2489.18791351441
762.0 2285.28163377691
761.0 2104.694545973329
760.0 1944.116377625337
759.0 1800.790931566978
758.0 1672.410217077336
757.0 1557.031164140852
756.0 1453.009630172857
755.0 1358.947752870522
754.0 1273.651680341942
753.0 1196.09742696817
752.0 1125.403134393672
751.0 1060.80641326588
750.0 1001.645739335232
749.0 947.3451032905123
748.0 897.4012859453877
747.0 851.3732626741396
746.0 808.8733432326732
745.0 769.5597325957185
744.0 733.1302606091136
743.0 699.3170771412119
742.0 667.8821480608739
741.0 638.6134180706995
740.0 611.3215309334925
739.0 585.8370172870688
738.0 562.0078760779189
737.0 539.6974884557966
736.0 518.7828133788659
735.0 499.1528226671155
734.0 480.7071401909408
733.0 463.3548555916691
732.0 447.0134876393119
731.0 431.6080762285629
730.0 417.070385248136
729.0 403.3382012518169
728.0 390.3547151093755
727.0 378.0679757005048
726.0 366.4304062987616
725.0 355.3983756270329
724.0 344.931816693591
723.0 334.9938874728591
722.0 325.5506683061585
721.0 316.5708915882072
720.0 308.0256998944078
719.0 299.8884292080164
718.0 292.1344143383366
717.0 284.7408139923809
716.0 277.6864532820113
715.0 270.9516817243921
714.0 264.5182450319872
713.0 258.3691691948205
712.0 252.4886555370003
711.0 246.8619855852867
710.0 241.4754347232757
709.0 236.3161937232008
708.0 231.3722973508832
707.0 226.63255933006
706.0 222.0865130317783
705.0 217.7243573244299
704.0 213.5369070814184
703.0 209.5155478976152
702.0 205.6521946135229
701.0 201.9392532883097
700.0 198.3695863002277
699.0 194.9364802860582
698.0 191.6336166606165
697.0 188.4550444834555
696.0 185.3951554631607
695.0 182.4486609103149
694.0 179.6105704686934
693.0 176.8761724707364
692.0 174.2410157780897
691.0 171.7008929812199
690.0 169.2518248439278
689.0 166.8900458892189
688.0 164.6119910325078
687.0 162.414283176725
686.0 160.2937216916046
685.0 158.2472717063936
684.0 156.2720541514946
683.0 154.3653364902201
682.0 152.5245240869592
681.0 150.7471521626864
680.0 149.0308782929386
679.0 147.3734754071951
678.0 145.7728252520283
677.0 144.2269122835454
676.0 142.7338179574689
675.0 141.2917153878058
674.0 139.8988643474075
673.0 138.5536065858675
672.0 137.2543614421654
671.0 135.9996217312521
670.0 134.7879498854027
669.0 133.617974332655
668.0 132.488386096016
667.0 131.3979355983691
666.0 130.3454296591591
665.0 129.3297286699765
664.0 128.3497439371327
663.0 127.4044351801964
662.0 126.4928081762723
661.0 125.6139125405533
660.0 124.7668396343604
659.0 123.9507205925174
658.0 123.1647244624944
657.0 122.4080564482793
656.0 121.6799562524443
655.0 120.9796965103238
654.0 120.3065813106416
653.0 119.6599447973193
652.0 119.0391498475547
651.0 118.4435868215939
650.0 117.8726723799303
649.0 117.325848363944
648.0 116.8025807362707
647.0 116.3023585774242
646.0 115.824693135429
645.0 115.369116925435
644.0 114.9351828764725
643.0 114.5224635227003
642.0 114.130550236661
641.0 113.7590525022189
640.0 113.4075972250025
639.0 113.0758280783117
638.0 112.7634048825727
637.0 112.4700030165511
636.0 112.1953128586346
635.0 111.9390392566084
634.0 111.7009010244408
633.0 111.4806304646781
632.0 111.277972915152
631.0 111.0926863187589
630.0 110.9245408151606
629.0 110.7733183533185
628.0 110.6388123238357
627.0 110.5208272101493
626.0 110.4191782576671
625.0 110.3336911599922
624.0 110.2642017614401
623.0 110.21055577509
622.0 110.1726085156579
621.0 110.1502246465247
620.0 110.1432779402893
619.0 110.1516510522475
618.0 110.1752353062435
617.0 110.2139304923623
616.0 110.267644675968
615.0 110.3362940176205
614.0 110.4198026034278
613.0 110.5181022854245
612.0 110.6311325315751
611.0 110.7588402850466
610.0 110.9011798323944
609.0 111.0581126803404
608.0 111.2296074408351
607.0 111.4156397241162
606.0 111.6161920394919
605.0 111.8312537035949
604.0 112.0608207558698
603.0 112.3048958810668
602.0 112.5634883385371
601.0 112.8366138981263
600.0 113.1242947824905
599.0 113.4265596156583
598.0 113.7434433776816
597.0 114.0749873652257
596.0 114.4212391579613
595.0 114.7822525906307
594.0 115.1580877306721
593.0 115.5488108612892
592.0 115.9544944698717
591.0 116.375217241673
590.0 116.8110640586632
589.0 117.262126003482
588.0 117.7285003684272
587.0 118.2102906694192
586.0 118.7076066648856
585.0 119.2205643795261
584.0 119.7492861329181
583.0 120.2939005729306
582.0 120.8545427139193
581.0 121.4313539796957
580.0 122.0244822512363
579.0 122.6340819191521
578.0 123.2603139408937
577.0 123.9033459027176
576.0 124.5633520864079
575.0 125.2405135407838
574.0 125.9350181580072
573.0 126.6470607547243
572.0 127.3768431580667
571.0 128.1245742965641
570.0 128.8904702959994
569.0 129.6747545802639
568.0 130.4776579772699
567.0 131.2994188299751
566.0 132.1402831125894
565.0 133.0005045520397
564.0 133.8803447547581
563.0 134.7800733388912
562.0 135.6999680720085
561.0 136.6403150144111
560.0 137.6014086681338
559.0 138.583552131754
558.0 139.587057261113
557.0 140.6122448360681
556.0 141.6594447334072
555.0 142.7289961060426
554.0 143.8212475686323
553.0 144.9365573897628
