Номер_шага	time	Pearlite	Bainite	Martensite	Austenite	Ferrite
1	1	0.0001	0.0001	0.0001	0.9996	0.0001
2	2	0.0001	0.0001	0.0001	0.9996	0.0001
3	3	0.0001	0.0001	0.0001	0.9996	0.0001
4	4	0.0001	0.0001	0.0001	0.9996	0.0001
5	5	0.0001	0.0001	0.0001	0.9996	0.0001
6	6	0.0001	0.0001	0.0001	0.9996	0.0001
7	7	0.0001	0.0001	0.0001	0.9996	0.0001
8	8	0.0001	0.0001	0.0001	0.9996	0.0001
9	9	0.0001	0.0001	0.0001	0.9996	0.0001
10	10	0.0001	0.0001	0.0001	0.9996	0.0001
11	11	0.0001	0.0001	0.0001	0.9996	0.0001
12	12	0.0001	0.0001	0.0001	0.9996	0.0001
13	13	0.0001	0.0001	0.0001	0.9996	0.0001
14	14	0.0001	0.0001	0.0001	0.9996	0.0001
15	15	0.0001	0.0001	0.0001	0.9996	0.0001
16	16	0.0001	0.0001	0.0001	0.9996	0.0001
17	17	0.0001	0.0001	0.0001	0.9996	0.0001
18	18	0.0001	0.0001	0.0001	0.9996	0.0001
19	19	0.0001	0.0001	0.0001	0.9996	0.0001
20	20	0.0001	0.0001	0.0001	0.9996	0.0001
21	21	0.0001	0.0001	0.0001	0.9996	0.0001
22	22	0.0001	0.0001	0.0001	0.9996	0.0001
23	23	0.0001	0.0001	0.0001	0.9996	0.0001
24	24	0.0001	0.0001	0.0001	0.9996	0.0001
25	25	0.0001	0.0001	0.0001	0.9996	0.0001
26	26	0.0001	0.0001	0.0001	0.9996	0.0001
27	27	0.0001	0.0001	0.0001	0.9996	0.0001
28	28	0.0001	0.0001	0.0001	0.9996	0.0001
29	29	0.0001	0.0001	0.0001	0.9996	0.0001
30	30	0.0001	0.0001	0.0001	0.9996	0.0001
31	31	0.0001	0.0001	0.0001	0.9996	0.0001
32	32	0.0001	0.0001	0.0001	0.9996	0.0001
33	33	0.0001	0.0001	0.0001	0.9996	0.0001
34	34	0.0001	0.0001	0.0001	0.9996	0.0001
35	35	0.0001	0.0001	0.0001	0.9996	0.0001
36	36	0.0001	0.0001	0.0001	0.9996	0.0001
37	37	0.0001	0.0001	0.0001	0.9996	0.0001
38	38	0.0001	0.0001	0.0001	0.9996	0.0001
39	39	0.0001	0.0001	0.0001	0.9996	0.0001
40	40	0.0001	0.0001	0.0001	0.9996	0.0001
41	41	0.0001	0.0001	0.0001	0.9996	0.0001
42	42	0.0001	0.0001	0.0001	0.9996	0.0001
43	43	0.0001	0.0001	0.0001	0.9996	0.0001
44	44	0.0001	0.0001	0.0001	0.9996	0.0001
45	45	0.0001	0.0001	0.0001	0.9996	0.0001
46	46	0.0001	0.0001	0.0001	0.9996	0.0001
47	47	0.0001	0.0001	0.0001	0.9996	0.0001
48	48	0.0001	0.0001	0.0001	0.9996	0.0001
49	49	0.0001	0.0001	0.0001	0.9996	0.0001
50	50	0.0001	0.0001	0.0001	0.9996	0.0001
51	51	0.0001	0.0001	0.0001	0.9996	0.0001
52	52	0.0001	0.0001	0.0001	0.9996	0.0001
53	53	0.0001	0.0001	0.0001	0.9996	0.0001
54	54	0.0001	0.0001	0.0001	0.9996	0.0001
55	55	0.0001	0.0001	0.0001	0.9996	0.0001
56	56	0.0001	0.0001	0.0001	0.9996	0.0001
57	57	0.0001	0.0001	0.0001	0.9996	0.0001
58	58	0.0001	0.0001	0.0001	0.9996	0.0001
59	59	0.0001	0.0001	0.0001	0.9996	0.0001
60	60	0.0001	0.0001	0.0001	0.9996	0.0001
61	61	0.0001	0.0001	0.0001	0.9996	0.0001
62	62	0.0001	0.0001	0.0001	0.9996	0.0001
63	63	0.0001	0.0001	0.0001	0.9996	0.0001
64	64	0.0001	0.0001	0.0001	0.9996	0.0001
65	65	0.0001	0.0001	0.0001	0.9996	0.0001
66	66	0.0001	0.0001	0.0001	0.9996	0.0001
67	67	0.0001	0.0001	0.0001	0.9996	0.0001
68	68	0.0001	0.0001	0.0001	0.9996	0.0001
69	69	0.0001	0.0001	0.0001	0.9996	0.0001
70	70	0.0001	0.0001	0.0001	0.9996	0.0001
71	71	0.0001	0.0001	0.0001	0.9996	0.0001
72	72	0.0001	0.0001	0.0001	0.9996	0.0001
73	73	0.0001	0.0001	0.0001	0.9996	0.0001
74	74	0.0001	0.0001	0.0001	0.9996	0.0001
75	75	0.0001	0.0001	0.0001	0.9996	0.0001
76	76	0.0001	0.0001	0.0001	0.9996	0.0001
77	77	0.0001	0.0001	0.0001	0.9996	0.0001
78	78	0.0001	0.0001	0.0001	0.9996	0.0001
79	79	0.0001	0.0001	0.0001	0.9996	0.0001
80	80	0.0001	0.0001	0.0001	0.9996	0.0001
81	81	0.0001	0.0001	0.0001	0.9996	0.0001
82	82	0.0001	0.0001	0.0001	0.9996	0.0001
83	83	0.0001	0.0001	0.0001	0.9996	0.0001
84	84	0.0001	0.0001	0.0001	0.9996	0.0001
85	85	0.0001	0.0001	0.0001	0.9996	0.0001
86	86	0.0001	0.0001	0.0001	0.9996	0.0001
87	87	0.0001	0.0001	0.0001	0.9996	0.0001
88	88	0.0001	0.0001	0.0001	0.9996	0.0001
89	89	0.0001	0.0001	0.0001	0.9996	0.0001
90	90	0.0001	0.0001	0.0001	0.9996	0.0001
91	91	0.0001	0.0001	0.0001	0.9996	0.0001
92	92	0.0001	0.0001	0.0001	0.9996	0.0001
93	93	0.0001	0.0001	0.0001	0.9996	0.0001
94	94	0.0001	0.0001	0.0001	0.9996	0.0001
95	95	0.0001	0.0001	0.0001	0.9996	0.0001
96	96	0.0001	0.0001	0.0001	0.9996	0.0001
97	97	0.0001	0.0001	0.0001	0.9996	0.0001
98	98	0.0001	0.0001	0.0001	0.9996	0.0001
99	99	0.0001	0.0001	0.0001	0.9996	0.0001
100	100	0.0001	0.0001	0.0001	0.9996	0.0001
101	101	0.0001	0.0001	0.0001	0.9996	0.0001
102	102	0.0001	0.0001	0.0001	0.9996	0.0001
103	103	0.0001	0.0001	0.0001	0.9996	0.0001
104	104	0.0001	0.0001	0.0001	0.9996	0.0001
105	105	0.0001	0.0001	0.0001	0.9996	0.0001
106	106	0.0001	0.0001	0.0001	0.9996	0.0001
107	107	0.0001	0.0001	0.0001	0.9996	0.0001
108	108	0.0001	0.0001	0.0001	0.9996	0.0001
109	109	0.0001	0.0001	0.0001	0.9996	0.0001
110	110	0.0001	0.0001	0.0001	0.9996	0.0001
111	111	0.0001	0.0001	0.0001	0.9996	0.0001
112	112	0.0001	0.0001	0.0001	0.9996	0.0001
113	113	0.0001	0.0001	0.0001	0.9996	0.0001
114	114	0.0001	0.0001	0.0001	0.9996	0.0001
115	115	0.0001	0.0001	0.0001	0.9996	0.0001
116	116	0.0001	0.0001	0.0001	0.9996	0.0001
117	117	0.0001	0.0001	0.0001	0.9996	0.0001
118	118	0.0001	0.0001	0.0001	0.9996	0.0001
119	119	0.0001	0.0001	0.0001	0.9996	0.0001
120	120	0.0001	0.0001	0.0001	0.9996	0.0001
121	121	0.0001	0.0001	0.0001	0.9996	0.0001
122	122	0.0001	0.0001	0.0001	0.9996	0.0001
123	123	0.0001	0.0001	0.0001	0.9996	0.000100001
124	124	0.0001	0.0001	0.0001	0.9996	0.000100001
125	125	0.0001	0.0001	0.0001	0.9996	0.000100002
126	126	0.0001	0.0001	0.0001	0.9996	0.000100003
127	127	0.0001	0.0001	0.0001	0.9996	0.000100004
128	128	0.0001	0.0001	0.0001	0.9996	0.000100006
129	129	0.0001	0.0001	0.0001	0.9996	0.000100008
130	130	0.0001	0.0001	0.0001	0.9996	0.00010001
131	131	0.0001	0.0001	0.0001	0.9996	0.000100013
132	132	0.0001	0.0001	0.0001	0.9996	0.000100017
133	133	0.0001	0.0001	0.0001	0.9996	0.000100022
134	134	0.0001	0.0001	0.0001	0.9996	0.000100027
135	135	0.0001	0.0001	0.0001	0.9996	0.000100034
136	136	0.0001	0.0001	0.0001	0.9996	0.000100041
137	137	0.0001	0.0001	0.0001	0.9996	0.00010005
138	138	0.0001	0.0001	0.0001	0.9996	0.000100059
139	139	0.0001	0.0001	0.0001	0.9996	0.000100071
140	140	0.0001	0.0001	0.0001	0.9996	0.000100083
141	141	0.0001	0.0001	0.0001	0.9996	0.000100098
142	142	0.0001	0.0001	0.0001	0.9996	0.000100114
143	143	0.0001	0.0001	0.0001	0.9996	0.000100132
144	144	0.0001	0.0001	0.0001	0.9996	0.000100152
145	145	0.0001	0.0001	0.0001	0.9996	0.000100174
146	146	0.0001	0.0001	0.0001	0.9996	0.000100198
147	147	0.0001	0.0001	0.0001	0.9996	0.000100225
148	148	0.0001	0.0001	0.0001	0.9996	0.000100254
149	149	0.0001	0.0001	0.0001	0.9996	0.000100286
150	150	0.0001	0.0001	0.0001	0.9996	0.000100321
151	151	0.0001	0.0001	0.0001	0.9996	0.000100359
152	152	0.0001	0.0001	0.0001	0.9996	0.0001004
153	153	0.0001	0.0001	0.0001	0.9996	0.000100444
154	154	0.0001	0.0001	0.0001	0.9996	0.000100492
155	155	0.0001	0.0001	0.0001	0.999599	0.000100543
156	156	0.0001	0.0001	0.0001	0.999599	0.000100598
157	157	0.0001	0.0001	0.0001	0.999599	0.000100657
158	158	0.0001	0.0001	0.0001	0.999599	0.00010072
159	159	0.0001	0.0001	0.0001	0.999599	0.000100788
160	160	0.0001	0.0001	0.0001	0.999599	0.00010086
161	161	0.0001	0.0001	0.0001	0.999599	0.000100937
162	162	0.000100001	0.0001	0.0001	0.999599	0.000101018
163	163	0.000100002	0.0001	0.0001	0.999599	0.000101105
164	164	0.000100004	0.0001	0.0001	0.999599	0.000101197
165	165	0.000100006	0.0001	0.0001	0.999599	0.000101294
166	166	0.00010001	0.0001	0.0001	0.999599	0.000101396
167	167	0.000100015	0.0001	0.0001	0.999598	0.000101505
168	168	0.000100022	0.0001	0.0001	0.999598	0.000101619
169	169	0.000100031	0.0001	0.0001	0.999598	0.00010174
170	170	0.000100042	0.0001	0.0001	0.999598	0.000101867
171	171	0.000100056	0.0001	0.0001	0.999598	0.000102
172	172	0.000100073	0.0001	0.0001	0.999598	0.00010214
173	173	0.000100093	0.0001	0.0001	0.999598	0.000102287
174	174	0.000100118	0.0001	0.0001	0.999597	0.000102441
175	175	0.000100147	0.0001	0.0001	0.999597	0.000102603
176	176	0.000100182	0.0001	0.0001	0.999597	0.000102772
177	177	0.000100221	0.0001	0.0001	0.999597	0.000102949
178	178	0.000100267	0.0001	0.0001	0.999597	0.000103133
179	179	0.00010032	0.0001	0.0001	0.999596	0.000103326
180	180	0.00010038	0.0001	0.0001	0.999596	0.000103527
181	181	0.000100447	0.0001	0.0001	0.999596	0.000103737
182	182	0.000100523	0.0001	0.0001	0.999596	0.000103956
183	183	0.000100609	0.0001	0.0001	0.999595	0.000104183
184	184	0.000100704	0.0001	0.0001	0.999595	0.00010442
185	185	0.000100809	0.0001	0.0001	0.999595	0.000104666
186	186	0.000100926	0.0001	0.0001	0.999594	0.000104922
187	187	0.000101055	0.0001	0.0001	0.999594	0.000105188
188	188	0.000101196	0.0001	0.0001	0.999593	0.000105464
189	189	0.000101351	0.0001	0.0001	0.999593	0.00010575
190	190	0.00010152	0.0001	0.0001	0.999592	0.000106047
191	191	0.000101704	0.0001	0.0001	0.999592	0.000106354
192	192	0.000101903	0.0001	0.0001	0.999591	0.000106673
193	193	0.000102119	0.0001	0.0001	0.999591	0.000107002
194	194	0.000102353	0.0001	0.0001	0.99959	0.000107344
195	195	0.000102605	0.0001	0.0001	0.99959	0.000107697
196	196	0.000102877	0.0001	0.0001	0.999589	0.000108061
197	197	0.000103168	0.0001	0.0001	0.999588	0.000108439
198	198	0.00010348	0.0001	0.0001	0.999588	0.000108828
199	199	0.000103815	0.0001	0.0001	0.999587	0.00010923
200	200	0.000104172	0.0001	0.0001	0.999586	0.000109645
201	201	0.000104553	0.0001	0.0001	0.999585	0.000110073
202	202	0.000104959	0.0001	0.0001	0.999585	0.000110515
203	203	0.000105391	0.0001	0.0001	0.999584	0.00011097
204	204	0.00010585	0.0001	0.0001	0.999583	0.000111439
205	205	0.000106337	0.0001	0.0001	0.999582	0.000111923
206	206	0.000106853	0.0001	0.0001	0.999581	0.00011242
207	207	0.000107399	0.0001	0.0001	0.99958	0.000112933
208	208	0.000107976	0.0001	0.0001	0.999579	0.00011346
209	209	0.000108586	0.0001	0.0001	0.999577	0.000114002
210	210	0.000109229	0.0001	0.0001	0.999576	0.00011456
211	211	0.000109907	0.0001	0.0001	0.999575	0.000115134
212	212	0.000110621	0.0001	0.0001	0.999574	0.000115723
213	213	0.000111372	0.0001	0.0001	0.999572	0.000116329
214	214	0.000112162	0.0001	0.0001	0.999571	0.000116952
215	215	0.000112991	0.0001	0.0001	0.999569	0.000117591
216	216	0.000113861	0.0001	0.0001	0.999568	0.000118247
217	217	0.000114774	0.0001	0.0001	0.999566	0.00011892
218	218	0.000115731	0.0001	0.0001	0.999565	0.000119612
219	219	0.000116733	0.0001	0.0001	0.999563	0.000120321
220	220	0.000117781	0.0001	0.0001	0.999561	0.000121048
221	221	0.000118878	0.0001	0.0001	0.999559	0.000121794
222	222	0.000120024	0.0001	0.0001	0.999557	0.000122558
223	223	0.000121221	0.0001	0.0001	0.999555	0.000123342
224	224	0.000122471	0.0001	0.0001	0.999553	0.000124145
225	225	0.000123776	0.0001	0.0001	0.999551	0.000124967
226	226	0.000125136	0.0001	0.0001	0.999549	0.00012581
227	227	0.000126554	0.0001	0.0001	0.999547	0.000126673
228	228	0.000128031	0.0001	0.0001	0.999544	0.000127556
229	229	0.00012957	0.0001	0.0001	0.999542	0.00012846
230	230	0.000131171	0.0001	0.0001	0.999539	0.000129386
231	231	0.000132837	0.0001	0.0001	0.999537	0.000130333
232	232	0.00013457	0.0001	0.0001	0.999534	0.000131302
233	233	0.000136372	0.0001	0.0001	0.999531	0.000132293
234	234	0.000138244	0.0001	0.0001	0.999528	0.000133306
235	235	0.000140188	0.0001	0.0001	0.999525	0.000134342
236	236	0.000142208	0.0001	0.0001	0.999522	0.000135402
237	237	0.000144304	0.0001	0.0001	0.999519	0.000136484
238	238	0.000146479	0.0001	0.0001	0.999516	0.000137591
239	239	0.000148735	0.0001	0.0001	0.999513	0.000138721
240	240	0.000151075	0.0001	0.0001	0.999509	0.000139877
241	241	0.0001535	0.0001	0.0001	0.999505	0.000141056
242	242	0.000156014	0.0001	0.0001	0.999502	0.000142261
243	243	0.000158618	0.0001	0.0001	0.999498	0.000143492
244	244	0.000161315	0.0001	0.0001	0.999494	0.000144748
245	245	0.000164108	0.0001	0.0001	0.99949	0.000146031
246	246	0.000166999	0.0001	0.0001	0.999486	0.00014734
247	247	0.000169991	0.0001	0.0001	0.999481	0.000148675
248	248	0.000173087	0.0001	0.0001	0.999477	0.000150039
249	249	0.000176289	0.0001	0.0001	0.999472	0.000151429
250	250	0.0001796	0.0001	0.0001	0.999468	0.000152848
251	251	0.000183023	0.0001	0.0001	0.999463	0.000154295
252	252	0.000186561	0.0001	0.0001	0.999458	0.000155771
253	253	0.000190217	0.0001	0.0001	0.999453	0.000157276
254	254	0.000193994	0.0001	0.0001	0.999447	0.00015881
255	255	0.000197895	0.0001	0.0001	0.999442	0.000160374
256	256	0.000201924	0.0001	0.0001	0.999436	0.000161968
257	257	0.000206083	0.0001	0.0001	0.99943	0.000163593
258	258	0.000210377	0.0001	0.0001	0.999424	0.000165249
259	259	0.000214807	0.0001	0.0001	0.999418	0.000166936
260	260	0.000219379	0.0001	0.0001	0.999412	0.000168655
261	261	0.000224095	0.0001	0.0001	0.999405	0.000170407
262	262	0.000228958	0.0001	0.0001	0.999399	0.00017219
263	263	0.000233974	0.0001	0.0001	0.999392	0.000174007
264	264	0.000239144	0.0001	0.0001	0.999385	0.000175857
265	265	0.000244474	0.0001	0.0001	0.999378	0.000177741
266	266	0.000249967	0.0001	0.0001	0.99937	0.000179659
267	267	0.000255626	0.0001	0.0001	0.999363	0.000181611
268	268	0.000261456	0.0001	0.0001	0.999355	0.000183599
269	269	0.000267461	0.0001	0.0001	0.999347	0.000185621
270	270	0.000273645	0.0001	0.0001	0.999339	0.00018768
271	271	0.000280012	0.0001	0.0001	0.99933	0.000189775
272	272	0.000286566	0.0001	0.0001	0.999322	0.000191906
273	273	0.000293312	0.0001	0.0001	0.999313	0.000194074
274	274	0.000300254	0.0001	0.0001	0.999303	0.00019628
275	275	0.000307397	0.0001	0.0001	0.999294	0.000198524
276	276	0.000314744	0.0001	0.0001	0.999284	0.000200806
277	277	0.000322301	0.0001	0.0001	0.999275	0.000203127
278	278	0.000330072	0.0001	0.0001	0.999264	0.000205486
279	279	0.000338062	0.0001	0.0001	0.999254	0.000207886
280	280	0.000346275	0.0001	0.0001	0.999243	0.000210325
281	281	0.000354717	0.0001	0.0001	0.999232	0.000212805
282	282	0.000363392	0.0001	0.0001	0.999221	0.000215326
283	283	0.000372306	0.0001	0.0001	0.99921	0.000217888
284	284	0.000381462	0.0001	0.0001	0.999198	0.000220491
285	285	0.000390867	0.0001	0.0001	0.999186	0.000223137
286	286	0.000400526	0.0001	0.0001	0.999174	0.000225826
287	287	0.000410443	0.0001	0.0001	0.999161	0.000228557
288	288	0.000420624	0.0001	0.0001	0.999148	0.000231332
289	289	0.000431074	0.0001	0.0001	0.999135	0.000234151
290	290	0.000441799	0.0001	0.0001	0.999121	0.000237014
291	291	0.000452804	0.0001	0.0001	0.999107	0.000239922
292	292	0.000464094	0.0001	0.0001	0.999093	0.000242875
293	293	0.000475676	0.0001	0.0001	0.999078	0.000245874
294	294	0.000487554	0.0001	0.0001	0.999064	0.000248918
295	295	0.000499734	0.0001	0.0001	0.999048	0.00025201
296	296	0.000512222	0.0001	0.0001	0.999033	0.000255148
297	297	0.000525024	0.0001	0.0001	0.999017	0.000258334
298	298	0.000538145	0.0001	0.0001	0.999	0.000261567
299	299	0.000551592	0.0001	0.0001	0.998984	0.000264849
300	300	0.000565371	0.0001	0.0001	0.998966	0.00026818
301	301	0.000579486	0.0001	0.0001	0.998949	0.000271559
302	302	0.000593945	0.0001	0.0001	0.998931	0.000274989
303	303	0.000608753	0.0001	0.0001	0.998913	0.000278468
304	304	0.000623916	0.0001	0.0001	0.998894	0.000281998
305	305	0.000639441	0.0001	0.0001	0.998875	0.000285579
306	306	0.000655334	0.0001	0.0001	0.998855	0.000289211
307	307	0.000671601	0.0001	0.0001	0.998836	0.000292895
308	308	0.000688248	0.0001	0.0001	0.998815	0.000296631
309	309	0.000705281	0.0001	0.0001	0.998794	0.00030042
310	310	0.000722707	0.0001	0.0001	0.998773	0.000304261
311	311	0.000740533	0.0001	0.0001	0.998751	0.000308157
312	312	0.000758765	0.0001	0.0001	0.998729	0.000312106
313	313	0.000777408	0.0001	0.0001	0.998706	0.00031611
314	314	0.00079647	0.0001	0.0001	0.998683	0.000320168
315	315	0.000815958	0.0001	0.0001	0.99866	0.000324282
316	316	0.000835877	0.0001	0.0001	0.998636	0.000328451
317	317	0.000856234	0.0001	0.0001	0.998611	0.000332677
318	318	0.000877036	0.0001	0.0001	0.998586	0.000336958
319	319	0.00089829	0.0001	0.0001	0.99856	0.000341297
320	320	0.000920002	0.0001	0.0001	0.998534	0.000345693
321	321	0.00094218	0.0001	0.0001	0.998508	0.000350147
322	322	0.000964828	0.0001	0.0001	0.998481	0.000354659
323	323	0.000987955	0.0001	0.0001	0.998453	0.00035923
324	324	0.00101157	0.0001	0.0001	0.998425	0.000363859
325	325	0.00103567	0.0001	0.0001	0.998396	0.000368548
326	326	0.00106027	0.0001	0.0001	0.998366	0.000373297
327	327	0.00108538	0.0001	0.0001	0.998337	0.000378106
328	328	0.001111	0.0001	0.0001	0.998306	0.000382975
329	329	0.00113714	0.0001	0.0001	0.998275	0.000387905
330	330	0.00116381	0.0001	0.0001	0.998243	0.000392897
331	331	0.00119101	0.0001	0.0001	0.998211	0.00039795
332	332	0.00121875	0.0001	0.0001	0.998178	0.000403066
333	333	0.00124703	0.0001	0.0001	0.998145	0.000408244
334	334	0.00127587	0.0001	0.0001	0.998111	0.000413485
335	335	0.00130527	0.0001	0.0001	0.998076	0.000418789
336	336	0.00133524	0.0001	0.0001	0.998041	0.000424157
337	337	0.00136578	0.0001	0.0001	0.998005	0.000429588
338	338	0.00139691	0.0001	0.0001	0.997968	0.000435084
339	339	0.00142862	0.0001	0.0001	0.997931	0.000440645
340	340	0.00146092	0.0001	0.0001	0.997893	0.000446271
341	341	0.00149383	0.0001	0.0001	0.997854	0.000451962
342	342	0.00152735	0.0001	0.0001	0.997815	0.000457719
343	343	0.00156148	0.0001	0.0001	0.997775	0.000463542
344	344	0.00159623	0.0001	0.0001	0.997734	0.000469432
345	345	0.00163162	0.0001	0.0001	0.997693	0.000475388
346	346	0.00166764	0.0001	0.0001	0.997651	0.000481412
347	347	0.0017043	0.0001	0.0001	0.997608	0.000487503
348	348	0.00174162	0.0001	0.0001	0.997565	0.000493661
349	349	0.00177959	0.0001	0.0001	0.997521	0.000499888
350	350	0.00181822	0.0001	0.0001	0.997476	0.000506183
351	351	0.00185752	0.0001	0.0001	0.99743	0.000512547
352	352	0.00189751	0.0001	0.0001	0.997384	0.00051898
353	353	0.00193817	0.0001	0.0001	0.997336	0.000525482
354	354	0.00197953	0.0001	0.0001	0.997288	0.000532053
355	355	0.00202158	0.0001	0.0001	0.99724	0.000538695
356	356	0.00206434	0.0001	0.0001	0.99719	0.000545407
357	357	0.00210781	0.0001	0.0001	0.99714	0.000552189
358	358	0.00215199	0.0001	0.0001	0.997089	0.000559042
359	359	0.0021969	0.0001	0.0001	0.997037	0.000565965
360	360	0.00224254	0.0001	0.0001	0.996985	0.00057296
361	361	0.00228891	0.0001	0.0001	0.996931	0.000580027
362	362	0.00233603	0.0001	0.0001	0.996877	0.000587165
363	363	0.0023839	0.0001	0.0001	0.996822	0.000594375
364	364	0.00243253	0.0001	0.0001	0.996766	0.000601658
365	365	0.00248191	0.0001	0.0001	0.996709	0.000609013
366	366	0.00253207	0.0001	0.0001	0.996651	0.000616441
367	367	0.002583	0.0001	0.0001	0.996593	0.000623941
368	368	0.00263472	0.0001	0.0001	0.996534	0.000631515
369	369	0.00268722	0.0001	0.0001	0.996474	0.000639162
370	370	0.00274051	0.0001	0.0001	0.996413	0.000646883
371	371	0.0027946	0.0001	0.0001	0.996351	0.000654677
372	372	0.0028495	0.0001	0.0001	0.996288	0.000662545
373	373	0.00290522	0.0001	0.0001	0.996224	0.000670488
374	374	0.00296175	0.0001	0.0001	0.99616	0.000678504
375	375	0.0030191	0.0001	0.0001	0.996094	0.000686596
376	376	0.00307728	0.0001	0.0001	0.996028	0.000694761
377	377	0.0031363	0.0001	0.0001	0.995961	0.000703002
378	378	0.00319616	0.0001	0.0001	0.995893	0.000711318
379	379	0.00325687	0.0001	0.0001	0.995823	0.000719709
380	380	0.00331843	0.0001	0.0001	0.995753	0.000728175
381	381	0.00338085	0.0001	0.0001	0.995682	0.000736716
382	382	0.00344413	0.0001	0.0001	0.995611	0.000745333
383	383	0.00350828	0.0001	0.0001	0.995538	0.000754026
384	384	0.0035733	0.0001	0.0001	0.995464	0.000762794
385	385	0.00363921	0.0001	0.0001	0.995389	0.000771638
386	386	0.003706	0.0001	0.0001	0.995313	0.000780558
387	387	0.00377368	0.0001	0.0001	0.995237	0.000789555
388	388	0.00384225	0.0001	0.0001	0.995159	0.000798627
389	389	0.00391173	0.0001	0.0001	0.99508	0.000807776
390	390	0.00398211	0.0001	0.0001	0.995001	0.000817001
391	391	0.0040534	0.0001	0.0001	0.99492	0.000826302
392	392	0.00412561	0.0001	0.0001	0.994839	0.00083568
393	393	0.00419873	0.0001	0.0001	0.994756	0.000845135
394	394	0.00427279	0.0001	0.0001	0.994673	0.000854665
395	395	0.00434777	0.0001	0.0001	0.994588	0.000864273
396	396	0.00442368	0.0001	0.0001	0.994502	0.000873957
397	397	0.00450053	0.0001	0.0001	0.994416	0.000883718
398	398	0.00457833	0.0001	0.0001	0.994328	0.000893556
399	399	0.00465707	0.0001	0.0001	0.994239	0.00090347
400	400	0.00473676	0.0001	0.0001	0.99415	0.000913461
401	401	0.00481741	0.0001	0.0001	0.994059	0.000923529
402	402	0.00489902	0.0001	0.0001	0.993967	0.000933673
403	403	0.00498159	0.0001	0.0001	0.993875	0.000943894
404	404	0.00506513	0.0001	0.0001	0.993781	0.000954192
405	405	0.00514964	0.0001	0.0001	0.993686	0.000964566
406	406	0.00523513	0.0001	0.0001	0.99359	0.000975017
407	407	0.00532159	0.0001	0.0001	0.993493	0.000985545
408	408	0.00540904	0.0001	0.0001	0.993395	0.000996149
409	409	0.00549747	0.0001	0.0001	0.993296	0.00100683
410	410	0.00558689	0.0001	0.0001	0.993196	0.00101759
411	411	0.00567731	0.0001	0.0001	0.993094	0.00102842
412	412	0.00576871	0.0001	0.0001	0.992992	0.00103933
413	413	0.00586112	0.0001	0.0001	0.992889	0.00105032
414	414	0.00595453	0.0001	0.0001	0.992784	0.00106138
415	415	0.00604894	0.0001	0.0001	0.992679	0.00107251
416	416	0.00614437	0.0001	0.0001	0.992572	0.00108373
417	417	0.0062408	0.0001	0.0001	0.992464	0.00109502
418	418	0.00633824	0.0001	0.0001	0.992355	0.00110638
419	419	0.0064367	0.0001	0.0001	0.992245	0.00111782
420	420	0.00653618	0.0001	0.0001	0.992134	0.00112934
421	421	0.00663668	0.0001	0.0001	0.992022	0.00114093
422	422	0.0067382	0.0001	0.0001	0.991909	0.0011526
423	423	0.00684074	0.0001	0.0001	0.991795	0.00116434
424	424	0.00694431	0.0001	0.0001	0.99168	0.00117615
425	425	0.00704892	0.0001	0.0001	0.991563	0.00118804
426	426	0.00715455	0.0001	0.0001	0.991445	0.00120001
427	427	0.00726121	0.0001	0.0001	0.991327	0.00121205
428	428	0.00736891	0.0001	0.0001	0.991207	0.00122416
429	429	0.00747764	0.0001	0.0001	0.991086	0.00123635
430	430	0.00758742	0.0001	0.0001	0.990964	0.00124861
431	431	0.00769823	0.0001	0.0001	0.990841	0.00126094
432	432	0.00781008	0.0001	0.0001	0.990717	0.00127335
433	433	0.00792297	0.0001	0.0001	0.990591	0.00128583
434	434	0.0080369	0.0001	0.0001	0.990465	0.00129839
435	435	0.00815188	0.0001	0.0001	0.990337	0.00131101
436	436	0.0082679	0.0001	0.0001	0.990208	0.00132371
437	437	0.00838497	0.0001	0.0001	0.990079	0.00133648
438	438	0.00850308	0.0001	0.0001	0.989948	0.00134932
439	439	0.00862224	0.0001	0.0001	0.989816	0.00136224
440	440	0.00874244	0.0001	0.0001	0.989682	0.00137522
441	441	0.0088637	0.0001	0.0001	0.989548	0.00138828
442	442	0.008986	0.0001	0.0001	0.989413	0.0014014
443	443	0.00910934	0.0001	0.0001	0.989276	0.0014146
444	444	0.00923374	0.0001	0.0001	0.989138	0.00142787
445	445	0.00935918	0.0001	0.0001	0.989	0.0014412
446	446	0.00948567	0.0001	0.0001	0.98886	0.00145461
447	447	0.00961321	0.0001	0.0001	0.988719	0.00146808
448	448	0.00974179	0.0001	0.0001	0.988577	0.00148163
449	449	0.00987143	0.0001	0.0001	0.988433	0.00149524
450	450	0.0100021	0.0001	0.0001	0.988289	0.00150892
451	451	0.0101338	0.0001	0.0001	0.988144	0.00152267
452	452	0.0102666	0.0001	0.0001	0.987997	0.00153649
453	453	0.0104004	0.0001	0.0001	0.987849	0.00155037
454	454	0.0105353	0.0001	0.0001	0.9877	0.00156432
455	455	0.0106712	0.0001	0.0001	0.987551	0.00157834
456	456	0.0108081	0.0001	0.0001	0.987399	0.00159242
457	457	0.0109461	0.0001	0.0001	0.987247	0.00160657
458	458	0.0110851	0.0001	0.0001	0.987094	0.00162078
459	459	0.0112251	0.0001	0.0001	0.98694	0.00163506
460	460	0.0113662	0.0001	0.0001	0.986784	0.00164941
461	461	0.0115083	0.0001	0.0001	0.986628	0.00166381
462	462	0.0116515	0.0001	0.0001	0.98647	0.00167829
463	463	0.0117957	0.0001	0.0001	0.986312	0.00169282
464	464	0.0119409	0.0001	0.0001	0.986152	0.00170742
465	465	0.0120871	0.0001	0.0001	0.985991	0.00172208
466	466	0.0122344	0.0001	0.0001	0.985829	0.0017368
467	467	0.0123826	0.0001	0.0001	0.985666	0.00175158
468	468	0.0125319	0.0001	0.0001	0.985502	0.00176643
469	469	0.0126822	0.0001	0.0001	0.985336	0.00178133
470	470	0.0128336	0.0001	0.0001	0.98517	0.0017963
471	471	0.0129859	0.0001	0.0001	0.985003	0.00181133
472	472	0.0131392	0.0001	0.0001	0.984834	0.00182641
473	473	0.0132936	0.0001	0.0001	0.984665	0.00184155
474	474	0.0134489	0.0001	0.0001	0.984494	0.00185676
475	475	0.0136053	0.0001	0.0001	0.984323	0.00187202
476	476	0.0137626	0.0001	0.0001	0.98415	0.00188734
477	477	0.013921	0.0001	0.0001	0.983976	0.00190271
478	478	0.0140803	0.0001	0.0001	0.983802	0.00191814
479	479	0.0142406	0.0001	0.0001	0.983626	0.00193363
480	480	0.0144019	0.0001	0.0001	0.983449	0.00194917
481	481	0.0145642	0.0001	0.0001	0.983271	0.00196477
482	482	0.0147275	0.0001	0.0001	0.983092	0.00198042
483	483	0.0148917	0.0001	0.0001	0.982912	0.00199613
484	484	0.0150569	0.0001	0.0001	0.982731	0.00201189
485	485	0.015223	0.0001	0.0001	0.982549	0.0020277
486	486	0.0153901	0.0001	0.0001	0.982366	0.00204357
487	487	0.0155582	0.0001	0.0001	0.982182	0.00205949
488	488	0.0157272	0.0001	0.0001	0.981997	0.00207546
489	489	0.0158972	0.0001	0.0001	0.981811	0.00209148
490	490	0.0160681	0.0001	0.0001	0.981624	0.00210755
491	491	0.0162399	0.0001	0.0001	0.981436	0.00212367
492	492	0.0164127	0.0001	0.0001	0.981247	0.00213984
493	493	0.0165864	0.0001	0.0001	0.981058	0.00215606
494	494	0.016761	0.0001	0.0001	0.980867	0.00217232
495	495	0.0169366	0.0001	0.0001	0.980675	0.00218864
496	496	0.017113	0.0001	0.0001	0.980482	0.002205
497	497	0.0172904	0.0001	0.0001	0.980288	0.0022214
498	498	0.0174686	0.0001	0.0001	0.980094	0.00223786
499	499	0.0176478	0.0001	0.0001	0.979898	0.00225436
500	500	0.0178278	0.0001	0.0001	0.979701	0.0022709
501	501	0.0180088	0.0001	0.0001	0.979504	0.00228749
502	502	0.0181906	0.0001	0.0001	0.979305	0.00230412
503	503	0.0183733	0.0001	0.0001	0.979106	0.00232079
504	504	0.0185569	0.0001	0.0001	0.978906	0.00233751
505	505	0.0187413	0.0001	0.0001	0.978704	0.00235427
506	506	0.0189266	0.0001	0.0001	0.978502	0.00237107
507	507	0.0191127	0.0001	0.0001	0.978299	0.00238791
508	508	0.0192997	0.0001	0.0001	0.978096	0.00240479
509	509	0.0194875	0.0001	0.0001	0.977891	0.00242171
510	510	0.0196762	0.0001	0.0001	0.977685	0.00243867
511	511	0.0198657	0.0001	0.0001	0.977479	0.00245566
512	512	0.020056	0.0001	0.0001	0.977271	0.0024727
513	513	0.0202471	0.0001	0.0001	0.977063	0.00248977
514	514	0.020439	0.0001	0.0001	0.976854	0.00250688
515	515	0.0206317	0.0001	0.0001	0.976644	0.00252402
516	516	0.0208253	0.0001	0.0001	0.976434	0.0025412
517	517	0.0210196	0.0001	0.0001	0.976222	0.00255842
518	518	0.0212147	0.0001	0.0001	0.97601	0.00257566
519	519	0.0214105	0.0001	0.0001	0.975797	0.00259295
520	520	0.0216072	0.0001	0.0001	0.975583	0.00261026
521	521	0.0218046	0.0001	0.0001	0.975368	0.00262761
522	522	0.0220027	0.0001	0.0001	0.975152	0.00264498
523	523	0.0222016	0.0001	0.0001	0.974936	0.00266239
524	524	0.0224013	0.0001	0.0001	0.974719	0.00267983
525	525	0.0226016	0.0001	0.0001	0.974501	0.0026973
526	526	0.0228027	0.0001	0.0001	0.974282	0.00271479
527	527	0.0230045	0.0001	0.0001	0.974063	0.00273232
528	528	0.0232071	0.0001	0.0001	0.973843	0.00274987
529	529	0.0234103	0.0001	0.0001	0.973622	0.00276745
530	530	0.0236142	0.0001	0.0001	0.973401	0.00278506
531	531	0.0238188	0.0001	0.0001	0.973178	0.00280269
532	532	0.0240241	0.0001	0.0001	0.972956	0.00282035
533	533	0.0242301	0.0001	0.0001	0.972732	0.00283803
534	534	0.0244367	0.0001	0.0001	0.972508	0.00285574
535	535	0.024644	0.0001	0.0001	0.972283	0.00287346
536	536	0.024852	0.0001	0.0001	0.972057	0.00289122
537	537	0.0250605	0.0001	0.0001	0.97183	0.00290899
538	538	0.0252698	0.0001	0.0001	0.971603	0.00292678
539	539	0.0254796	0.0001	0.0001	0.971376	0.0029446
540	540	0.0256901	0.0001	0.0001	0.971148	0.00296243
541	541	0.0259011	0.0001	0.0001	0.970919	0.00298029
542	542	0.0261128	0.0001	0.0001	0.970689	0.00299816
543	543	0.0263251	0.0001	0.0001	0.970459	0.00301605
544	544	0.0265379	0.0001	0.0001	0.970228	0.00303396
545	545	0.0267513	0.0001	0.0001	0.969997	0.00305189
546	546	0.0269653	0.0001	0.0001	0.969765	0.00306983
547	547	0.0271799	0.0001	0.0001	0.969532	0.00308778
548	548	0.027395	0.0001	0.0001	0.969299	0.00310576
549	549	0.0276107	0.0001	0.0001	0.969066	0.00312374
550	550	0.0278268	0.0001	0.0001	0.968831	0.00314174
551	551	0.0280436	0.0001	0.0001	0.968597	0.00315975
552	552	0.0282608	0.0001	0.0001	0.968361	0.00317778
553	553	0.0284785	0.0001	0.0001	0.968126	0.00319581
554	554	0.0286968	0.0001	0.0001	0.967889	0.00321386
555	555	0.0289155	0.0001	0.0001	0.967653	0.00323192
556	556	0.0291347	0.0001	0.0001	0.967415	0.00324998
557	557	0.0293544	0.0001	0.0001	0.967178	0.00326806
558	558	0.0295746	0.0001	0.0001	0.966939	0.00328614
559	559	0.0297952	0.0001	0.0001	0.966701	0.00330423
560	560	0.0300163	0.0001	0.0001	0.966461	0.00332233
561	561	0.0302378	0.0001	0.0001	0.966222	0.00334044
562	562	0.0304598	0.0001	0.0001	0.965982	0.00335855
563	563	0.0306821	0.0001	0.0001	0.965741	0.00337666
564	564	0.0309049	0.0001	0.0001	0.9655	0.00339479
565	565	0.0311281	0.0001	0.0001	0.965259	0.00341291
566	566	0.0313517	0.0001	0.0001	0.965017	0.00343104
567	567	0.0315756	0.0001	0.0001	0.964775	0.00344917
568	568	0.0318	0.0001	0.0001	0.964533	0.0034673
569	569	0.0320247	0.0001	0.0001	0.96429	0.00348543
570	570	0.0322498	0.0001	0.0001	0.964047	0.00350357
571	571	0.0324752	0.0001	0.0001	0.963803	0.0035217
572	572	0.032701	0.0001	0.0001	0.963559	0.00353984
573	573	0.0329271	0.0001	0.0001	0.963315	0.00355797
574	574	0.0331535	0.0001	0.0001	0.96307	0.0035761
575	575	0.0333803	0.0001	0.0001	0.962825	0.00359423
576	576	0.0336073	0.0001	0.0001	0.96258	0.00361236
577	577	0.0338347	0.0001	0.0001	0.962335	0.00363048
578	578	0.0340623	0.0001	0.0001	0.962089	0.0036486
579	579	0.0342902	0.0001	0.0001	0.961843	0.00366671
580	580	0.0345184	0.0001	0.0001	0.961597	0.00368482
581	581	0.0347469	0.0001	0.0001	0.96135	0.00370292
582	582	0.0349756	0.0001	0.0001	0.961103	0.00372101
583	583	0.0352045	0.0001	0.0001	0.960856	0.0037391
584	584	0.0354337	0.0001	0.0001	0.960609	0.00375718
585	585	0.0356631	0.0001	0.0001	0.960362	0.00377525
586	586	0.0358928	0.0001	0.0001	0.960114	0.00379332
587	587	0.0361226	0.0001	0.0001	0.959866	0.00381137
588	588	0.0363526	0.0001	0.0001	0.959618	0.00382941
589	589	0.0365828	0.0001	0.0001	0.95937	0.00384744
590	590	0.0368132	0.0001	0.0001	0.959121	0.00386546
591	591	0.0370438	0.0001	0.0001	0.958873	0.00388347
592	592	0.0372745	0.0001	0.0001	0.958624	0.00390147
593	593	0.0375054	0.0001	0.0001	0.958375	0.00391945
594	594	0.0377364	0.0001	0.0001	0.958126	0.00393742
595	595	0.0379676	0.0001	0.0001	0.957877	0.00395537
596	596	0.0381989	0.0001	0.0001	0.957628	0.00397331
597	597	0.0384303	0.0001	0.0001	0.957378	0.00399123
598	598	0.0386618	0.0001	0.0001	0.957129	0.00400914
599	599	0.0388934	0.0001	0.0001	0.95688	0.00402703
600	600	0.0391251	0.0001	0.0001	0.95663	0.00404491
601	601	0.0393569	0.0001	0.0001	0.95638	0.00406276
602	602	0.0395888	0.0001	0.0001	0.956131	0.0040806
603	603	0.0398207	0.0001	0.0001	0.955881	0.00409842
604	604	0.0400527	0.0001	0.0001	0.955631	0.00411622
605	605	0.0402847	0.0001	0.0001	0.955381	0.004134
606	606	0.0405167	0.0001	0.0001	0.955132	0.00415176
607	607	0.0407488	0.0001	0.0001	0.954882	0.0041695
608	608	0.0409809	0.0001	0.0001	0.954632	0.00418722
609	609	0.041213	0.0001	0.0001	0.954382	0.00420491
610	610	0.0414451	0.0001	0.0001	0.954132	0.00422258
611	611	0.0416772	0.0001	0.0001	0.953883	0.00424023
612	612	0.0419093	0.0001	0.0001	0.953633	0.00425786
613	613	0.0421414	0.0001	0.0001	0.953383	0.00427546
614	614	0.0423734	0.0001	0.0001	0.953134	0.00429303
615	615	0.0426054	0.0001	0.0001	0.952884	0.00431059
616	616	0.0428373	0.0001	0.0001	0.952635	0.00432811
617	617	0.0430692	0.0001	0.0001	0.952385	0.00434561
618	618	0.043301	0.0001	0.0001	0.952136	0.00436308
619	619	0.0435328	0.0001	0.0001	0.951887	0.00438053
620	620	0.0437644	0.0001	0.0001	0.951638	0.00439795
621	621	0.043996	0.0001	0.0001	0.951389	0.00441534
622	622	0.0442274	0.0001	0.0001	0.95114	0.0044327
623	623	0.0444588	0.0001	0.0001	0.950891	0.00445003
624	624	0.04469	0.0001	0.0001	0.950643	0.00446733
625	625	0.0449211	0.0001	0.0001	0.950394	0.00448461
626	626	0.045152	0.0001	0.0001	0.950146	0.00450185
627	627	0.045152	0.000100003	0.0001	0.950146	0.00450185
628	628	0.045152	0.000100023	0.0001	0.950146	0.00450185
629	629	0.045152	0.000100075	0.0001	0.950146	0.00450185
630	630	0.045152	0.000100174	0.0001	0.950146	0.00450185
631	631	0.045152	0.000100333	0.0001	0.950146	0.00450185
632	632	0.045152	0.000100566	0.0001	0.950146	0.00450185
633	633	0.045152	0.000100885	0.0001	0.950145	0.00450185
634	634	0.045152	0.000101305	0.0001	0.950145	0.00450185
635	635	0.045152	0.000101839	0.0001	0.950144	0.00450185
636	636	0.045152	0.000102498	0.0001	0.950144	0.00450185
637	637	0.045152	0.000103296	0.0001	0.950143	0.00450185
638	638	0.045152	0.000104246	0.0001	0.950142	0.00450185
639	639	0.045152	0.000105362	0.0001	0.950141	0.00450185
640	640	0.045152	0.000106655	0.0001	0.950139	0.00450185
641	641	0.045152	0.000108138	0.0001	0.950138	0.00450185
642	642	0.045152	0.000109823	0.0001	0.950136	0.00450185
643	643	0.045152	0.000111726	0.0001	0.950134	0.00450185
644	644	0.045152	0.000113858	0.0001	0.950132	0.00450185
645	645	0.045152	0.000116234	0.0001	0.95013	0.00450185
646	646	0.045152	0.000118868	0.0001	0.950127	0.00450185
647	647	0.045152	0.000121777	0.0001	0.950124	0.00450185
648	648	0.045152	0.000124974	0.0001	0.950121	0.00450185
649	649	0.045152	0.000128477	0.0001	0.950118	0.00450185
650	650	0.045152	0.000132302	0.0001	0.950114	0.00450185
651	651	0.045152	0.000136467	0.0001	0.95011	0.00450185
652	652	0.045152	0.00014099	0.0001	0.950105	0.00450185
653	653	0.045152	0.000145892	0.0001	0.9501	0.00450185
654	654	0.045152	0.000151191	0.0001	0.950095	0.00450185
655	655	0.045152	0.00015691	0.0001	0.950089	0.00450185
656	656	0.045152	0.000163068	0.0001	0.950083	0.00450185
657	657	0.045152	0.000169688	0.0001	0.950076	0.00450185
658	658	0.045152	0.000176792	0.0001	0.950069	0.00450185
659	659	0.045152	0.000184404	0.0001	0.950062	0.00450185
660	660	0.045152	0.000192548	0.0001	0.950054	0.00450185
661	661	0.045152	0.00020125	0.0001	0.950045	0.00450185
662	662	0.045152	0.000210536	0.0001	0.950036	0.00450185
663	663	0.045152	0.000220433	0.0001	0.950026	0.00450185
664	664	0.045152	0.000230969	0.0001	0.950015	0.00450185
665	665	0.045152	0.000242172	0.0001	0.950004	0.00450185
666	666	0.045152	0.000254072	0.0001	0.949992	0.00450185
667	667	0.045152	0.000266699	0.0001	0.949979	0.00450185
668	668	0.045152	0.000280085	0.0001	0.949966	0.00450185
669	669	0.045152	0.00029426	0.0001	0.949952	0.00450185
670	670	0.045152	0.000309258	0.0001	0.949937	0.00450185
671	671	0.045152	0.000325112	0.0001	0.949921	0.00450185
672	672	0.045152	0.000341857	0.0001	0.949904	0.00450185
673	673	0.045152	0.000359526	0.0001	0.949887	0.00450185
674	674	0.045152	0.000378154	0.0001	0.949868	0.00450185
675	675	0.045152	0.000397778	0.0001	0.949848	0.00450185
676	676	0.045152	0.000418433	0.0001	0.949828	0.00450185
677	677	0.045152	0.000440156	0.0001	0.949806	0.00450185
678	678	0.045152	0.000462983	0.0001	0.949783	0.00450185
679	679	0.045152	0.000486953	0.0001	0.949759	0.00450185
680	680	0.045152	0.000512102	0.0001	0.949734	0.00450185
681	681	0.045152	0.000538469	0.0001	0.949708	0.00450185
682	682	0.045152	0.000566093	0.0001	0.94968	0.00450185
683	683	0.045152	0.000595012	0.0001	0.949651	0.00450185
684	684	0.045152	0.000625266	0.0001	0.949621	0.00450185
685	685	0.045152	0.000656894	0.0001	0.949589	0.00450185
686	686	0.045152	0.000689936	0.0001	0.949556	0.00450185
687	687	0.045152	0.00072443	0.0001	0.949522	0.00450185
688	688	0.045152	0.000760419	0.0001	0.949486	0.00450185
689	689	0.045152	0.000797941	0.0001	0.949448	0.00450185
690	690	0.045152	0.000837037	0.0001	0.949409	0.00450185
691	691	0.045152	0.000877746	0.0001	0.949368	0.00450185
692	692	0.045152	0.00092011	0.0001	0.949326	0.00450185
693	693	0.045152	0.000964168	0.0001	0.949282	0.00450185
694	694	0.045152	0.00100996	0.0001	0.949236	0.00450185
695	695	0.045152	0.00105753	0.0001	0.949189	0.00450185
696	696	0.045152	0.00110691	0.0001	0.949139	0.00450185
697	697	0.045152	0.00115814	0.0001	0.949088	0.00450185
698	698	0.045152	0.00121127	0.0001	0.949035	0.00450185
699	699	0.045152	0.00126633	0.0001	0.94898	0.00450185
700	700	0.045152	0.00132336	0.0001	0.948923	0.00450185
701	701	0.045152	0.00138241	0.0001	0.948864	0.00450185
702	702	0.045152	0.0014435	0.0001	0.948803	0.00450185
703	703	0.045152	0.00150668	0.0001	0.948739	0.00450185
704	704	0.045152	0.00157199	0.0001	0.948674	0.00450185
705	705	0.045152	0.00163946	0.0001	0.948607	0.00450185
706	706	0.045152	0.00170913	0.0001	0.948537	0.00450185
707	707	0.045152	0.00178104	0.0001	0.948465	0.00450185
708	708	0.045152	0.00185522	0.0001	0.948391	0.00450185
709	709	0.045152	0.00193171	0.0001	0.948314	0.00450185
710	710	0.045152	0.00201055	0.0001	0.948236	0.00450185
711	711	0.045152	0.00209177	0.0001	0.948154	0.00450185
712	712	0.045152	0.0021754	0.0001	0.948071	0.00450185
713	713	0.045152	0.00226148	0.0001	0.947985	0.00450185
714	714	0.045152	0.00235005	0.0001	0.947896	0.00450185
715	715	0.045152	0.00244113	0.0001	0.947805	0.00450185
716	716	0.045152	0.00253475	0.0001	0.947711	0.00450185
717	717	0.045152	0.00263096	0.0001	0.947615	0.00450185
718	718	0.045152	0.00272977	0.0001	0.947516	0.00450185
719	719	0.045152	0.00283123	0.0001	0.947415	0.00450185
720	720	0.045152	0.00293535	0.0001	0.947311	0.00450185
721	721	0.045152	0.00304218	0.0001	0.947204	0.00450185
722	722	0.045152	0.00315173	0.0001	0.947094	0.00450185
723	723	0.045152	0.00326403	0.0001	0.946982	0.00450185
724	724	0.045152	0.00337912	0.0001	0.946867	0.00450185
725	725	0.045152	0.00349702	0.0001	0.946749	0.00450185
726	726	0.045152	0.00361775	0.0001	0.946628	0.00450185
727	727	0.045152	0.00374134	0.0001	0.946505	0.00450185
728	728	0.045152	0.00386781	0.0001	0.946378	0.00450185
729	729	0.045152	0.00399718	0.0001	0.946249	0.00450185
730	730	0.045152	0.00412948	0.0001	0.946117	0.00450185
731	731	0.045152	0.00426474	0.0001	0.945981	0.00450185
732	732	0.045152	0.00440296	0.0001	0.945843	0.00450185
733	733	0.045152	0.00454417	0.0001	0.945702	0.00450185
734	734	0.045152	0.0046884	0.0001	0.945558	0.00450185
735	735	0.045152	0.00483565	0.0001	0.94541	0.00450185
736	736	0.045152	0.00498595	0.0001	0.94526	0.00450185
737	737	0.045152	0.00513931	0.0001	0.945107	0.00450185
738	738	0.045152	0.00529574	0.0001	0.94495	0.00450185
739	739	0.045152	0.00545527	0.0001	0.944791	0.00450185
740	740	0.045152	0.00561791	0.0001	0.944628	0.00450185
741	741	0.045152	0.00578367	0.0001	0.944462	0.00450185
742	742	0.045152	0.00595256	0.0001	0.944294	0.00450185
743	743	0.045152	0.0061246	0.0001	0.944122	0.00450185
744	744	0.045152	0.0062998	0.0001	0.943946	0.00450185
745	745	0.045152	0.00647816	0.0001	0.943768	0.00450185
746	746	0.045152	0.00665969	0.0001	0.943586	0.00450185
747	747	0.045152	0.00684441	0.0001	0.943402	0.00450185
748	748	0.045152	0.00703232	0.0001	0.943214	0.00450185
749	749	0.045152	0.00722343	0.0001	0.943023	0.00450185
750	750	0.045152	0.00741774	0.0001	0.942828	0.00450185
751	751	0.045152	0.00761526	0.0001	0.942631	0.00450185
752	752	0.045152	0.00781599	0.0001	0.94243	0.00450185
753	753	0.045152	0.00801994	0.0001	0.942226	0.00450185
754	754	0.045152	0.0082271	0.0001	0.942019	0.00450185
755	755	0.045152	0.00843748	0.0001	0.941809	0.00450185
756	756	0.045152	0.00865108	0.0001	0.941595	0.00450185
757	757	0.045152	0.00886791	0.0001	0.941378	0.00450185
758	758	0.045152	0.00908794	0.0001	0.941158	0.00450185
759	759	0.045152	0.0093112	0.0001	0.940935	0.00450185
760	760	0.045152	0.00953767	0.0001	0.940708	0.00450185
761	761	0.045152	0.00976735	0.0001	0.940479	0.00450185
762	762	0.045152	0.0100002	0.0001	0.940246	0.00450185
763	763	0.045152	0.0102363	0.0001	0.94001	0.00450185
764	764	0.045152	0.0104756	0.0001	0.939771	0.00450185
765	765	0.045152	0.0107181	0.0001	0.939528	0.00450185
766	766	0.045152	0.0109637	0.0001	0.939282	0.00450185
767	767	0.045152	0.0112125	0.0001	0.939034	0.00450185
768	768	0.045152	0.0114645	0.0001	0.938782	0.00450185
769	769	0.045152	0.0117196	0.0001	0.938526	0.00450185
770	770	0.045152	0.0119779	0.0001	0.938268	0.00450185
771	771	0.045152	0.0122393	0.0001	0.938007	0.00450185
772	772	0.045152	0.0125038	0.0001	0.937742	0.00450185
773	773	0.045152	0.0127715	0.0001	0.937475	0.00450185
774	774	0.045152	0.0130422	0.0001	0.937204	0.00450185
775	775	0.045152	0.013316	0.0001	0.93693	0.00450185
776	776	0.045152	0.0135928	0.0001	0.936653	0.00450185
777	777	0.045152	0.0138727	0.0001	0.936373	0.00450185
778	778	0.045152	0.0141556	0.0001	0.93609	0.00450185
779	779	0.045152	0.0144416	0.0001	0.935805	0.00450185
780	780	0.045152	0.0147305	0.0001	0.935516	0.00450185
781	781	0.045152	0.0150224	0.0001	0.935224	0.00450185
782	782	0.045152	0.0153173	0.0001	0.934929	0.00450185
783	783	0.045152	0.015615	0.0001	0.934631	0.00450185
784	784	0.045152	0.0159157	0.0001	0.93433	0.00450185
785	785	0.045152	0.0162193	0.0001	0.934027	0.00450185
786	786	0.045152	0.0165258	0.0001	0.93372	0.00450185
787	787	0.045152	0.0168351	0.0001	0.933411	0.00450185
788	788	0.045152	0.0171473	0.0001	0.933099	0.00450185
789	789	0.045152	0.0174622	0.0001	0.932784	0.00450185
790	790	0.045152	0.0177799	0.0001	0.932466	0.00450185
791	791	0.045152	0.0181004	0.0001	0.932146	0.00450185
792	792	0.045152	0.0184236	0.0001	0.931823	0.00450185
793	793	0.045152	0.0187495	0.0001	0.931497	0.00450185
794	794	0.045152	0.0190781	0.0001	0.931168	0.00450185
795	795	0.045152	0.0194093	0.0001	0.930837	0.00450185
796	796	0.045152	0.0197431	0.0001	0.930503	0.00450185
797	797	0.045152	0.0200795	0.0001	0.930167	0.00450185
798	798	0.045152	0.0204185	0.0001	0.929828	0.00450185
799	799	0.045152	0.02076	0.0001	0.929486	0.00450185
800	800	0.045152	0.0211041	0.0001	0.929142	0.00450185
801	801	0.045152	0.0214506	0.0001	0.928796	0.00450185
802	802	0.045152	0.0217995	0.0001	0.928447	0.00450185
803	803	0.045152	0.0221508	0.0001	0.928095	0.00450185
804	804	0.045152	0.0225046	0.0001	0.927742	0.00450185
805	805	0.045152	0.0228606	0.0001	0.927385	0.00450185
806	806	0.045152	0.023219	0.0001	0.927027	0.00450185
807	807	0.045152	0.0235797	0.0001	0.926666	0.00450185
808	808	0.045152	0.0239426	0.0001	0.926304	0.00450185
809	809	0.045152	0.0243077	0.0001	0.925938	0.00450185
810	810	0.045152	0.0246751	0.0001	0.925571	0.00450185
811	811	0.045152	0.0250445	0.0001	0.925202	0.00450185
812	812	0.045152	0.0254161	0.0001	0.92483	0.00450185
813	813	0.045152	0.0257898	0.0001	0.924456	0.00450185
814	814	0.045152	0.0261655	0.0001	0.924081	0.00450185
815	815	0.045152	0.0265432	0.0001	0.923703	0.00450185
816	816	0.045152	0.0269229	0.0001	0.923323	0.00450185
817	817	0.045152	0.0273045	0.0001	0.922942	0.00450185
818	818	0.045152	0.027688	0.0001	0.922558	0.00450185
819	819	0.045152	0.0280734	0.0001	0.922173	0.00450185
820	820	0.045152	0.0284606	0.0001	0.921786	0.00450185
821	821	0.045152	0.0288496	0.0001	0.921396	0.00450185
822	822	0.045152	0.0292404	0.0001	0.921006	0.00450185
823	823	0.045152	0.0296329	0.0001	0.920613	0.00450185
824	824	0.045152	0.030027	0.0001	0.920219	0.00450185
825	825	0.045152	0.0304228	0.0001	0.919823	0.00450185
826	826	0.045152	0.0308202	0.0001	0.919426	0.00450185
827	827	0.045152	0.0312192	0.0001	0.919027	0.00450185
828	828	0.045152	0.0316197	0.0001	0.918626	0.00450185
829	829	0.045152	0.0320216	0.0001	0.918224	0.00450185
830	830	0.045152	0.0324251	0.0001	0.917821	0.00450185
831	831	0.045152	0.0328299	0.0001	0.917416	0.00450185
832	832	0.045152	0.0332361	0.0001	0.91701	0.00450185
833	833	0.045152	0.0336437	0.0001	0.916602	0.00450185
834	834	0.045152	0.0340525	0.0001	0.916194	0.00450185
835	835	0.045152	0.0344626	0.0001	0.915784	0.00450185
836	836	0.045152	0.0348739	0.0001	0.915372	0.00450185
837	837	0.045152	0.0352864	0.0001	0.91496	0.00450185
838	838	0.045152	0.0357	0.0001	0.914546	0.00450185
839	839	0.045152	0.0361148	0.0001	0.914131	0.00450185
840	840	0.045152	0.0365306	0.0001	0.913716	0.00450185
841	841	0.045152	0.0369474	0.0001	0.913299	0.00450185
842	842	0.045152	0.0373652	0.0001	0.912881	0.00450185
843	843	0.045152	0.0377839	0.0001	0.912462	0.00450185
844	844	0.045152	0.0382036	0.0001	0.912043	0.00450185
845	845	0.045152	0.0386241	0.0001	0.911622	0.00450185
846	846	0.045152	0.0390454	0.0001	0.911201	0.00450185
847	847	0.045152	0.0394676	0.0001	0.910779	0.00450185
848	848	0.045152	0.0398904	0.0001	0.910356	0.00450185
849	849	0.045152	0.040314	0.0001	0.909932	0.00450185
850	850	0.045152	0.0407383	0.0001	0.909508	0.00450185
851	851	0.045152	0.0411632	0.0001	0.909083	0.00450185
852	852	0.045152	0.0415886	0.0001	0.908657	0.00450185
853	853	0.045152	0.0420147	0.0001	0.908231	0.00450185
854	854	0.045152	0.0424412	0.0001	0.907805	0.00450185
855	855	0.045152	0.0428683	0.0001	0.907378	0.00450185
856	856	0.045152	0.0432957	0.0001	0.90695	0.00450185
857	857	0.045152	0.0437236	0.0001	0.906523	0.00450185
858	858	0.045152	0.0441518	0.0001	0.906094	0.00450185
859	859	0.045152	0.0445804	0.0001	0.905666	0.00450185
860	860	0.045152	0.0450093	0.0001	0.905237	0.00450185
861	861	0.045152	0.0454384	0.0001	0.904808	0.00450185
862	862	0.045152	0.0458677	0.0001	0.904378	0.00450185
863	863	0.045152	0.0462972	0.0001	0.903949	0.00450185
864	864	0.045152	0.0467268	0.0001	0.903519	0.00450185
865	865	0.045152	0.0471566	0.0001	0.90309	0.00450185
866	866	0.045152	0.0475864	0.0001	0.90266	0.00450185
867	867	0.045152	0.0480162	0.0001	0.90223	0.00450185
868	868	0.045152	0.048446	0.0001	0.9018	0.00450185
869	869	0.045152	0.0488758	0.0001	0.90137	0.00450185
870	870	0.045152	0.0493056	0.0001	0.900941	0.00450185
871	871	0.045152	0.0497352	0.0001	0.900511	0.00450185
872	872	0.045152	0.0501646	0.0001	0.900081	0.00450185
873	873	0.045152	0.0505939	0.0001	0.899652	0.00450185
874	874	0.045152	0.051023	0.0001	0.899223	0.00450185
875	875	0.045152	0.0514518	0.0001	0.898794	0.00450185
876	876	0.045152	0.0518803	0.0001	0.898366	0.00450185
877	877	0.045152	0.0523085	0.0001	0.897938	0.00450185
878	878	0.045152	0.0527364	0.0001	0.89751	0.00450185
879	879	0.045152	0.0531639	0.0001	0.897082	0.00450185
880	880	0.045152	0.0535909	0.0001	0.896655	0.00450185
881	881	0.045152	0.0540175	0.0001	0.896229	0.00450185
882	882	0.045152	0.0544437	0.0001	0.895802	0.00450185
883	883	0.045152	0.0548693	0.0001	0.895377	0.00450185
884	884	0.045152	0.0552943	0.0001	0.894952	0.00450185
885	885	0.045152	0.0557188	0.0001	0.894527	0.00450185
886	886	0.045152	0.0561427	0.0001	0.894103	0.00450185
887	887	0.045152	0.0565659	0.0001	0.89368	0.00450185
888	888	0.045152	0.0569885	0.0001	0.893258	0.00450185
889	889	0.045152	0.0574104	0.0001	0.892836	0.00450185
890	890	0.045152	0.0578315	0.0001	0.892415	0.00450185
891	891	0.045152	0.0582519	0.0001	0.891994	0.00450185
892	892	0.045152	0.0586715	0.0001	0.891575	0.00450185
893	893	0.045152	0.0590902	0.0001	0.891156	0.00450185
894	894	0.045152	0.0595081	0.0001	0.890738	0.00450185
895	895	0.045152	0.0599252	0.0001	0.890321	0.00450185
896	896	0.045152	0.0603413	0.0001	0.889905	0.00450185
897	897	0.045152	0.0607565	0.0001	0.88949	0.00450185
898	898	0.045152	0.0611708	0.0001	0.889075	0.00450185
899	899	0.045152	0.0615841	0.0001	0.888662	0.00450185
900	900	0.045152	0.0619963	0.0001	0.88825	0.00450185
901	901	0.045152	0.0624076	0.0001	0.887839	0.00450185
902	902	0.045152	0.0628177	0.0001	0.887428	0.00450185
903	903	0.045152	0.0632268	0.0001	0.887019	0.00450185
904	904	0.045152	0.0636348	0.0001	0.886611	0.00450185
905	905	0.045152	0.0640416	0.0001	0.886205	0.00450185
906	906	0.045152	0.0644472	0.0001	0.885799	0.00450185
907	907	0.045152	0.0648517	0.0001	0.885394	0.00450185
908	908	0.045152	0.065255	0.0001	0.884991	0.00450185
909	909	0.045152	0.065657	0.0001	0.884589	0.00450185
910	910	0.045152	0.0660578	0.0001	0.884188	0.00450185
911	911	0.045152	0.0664573	0.0001	0.883789	0.00450185
912	912	0.045152	0.0668555	0.0001	0.883391	0.00450185
913	913	0.045152	0.0672524	0.0001	0.882994	0.00450185
914	914	0.045152	0.0676479	0.0001	0.882598	0.00450185
915	915	0.045152	0.0680421	0.0001	0.882204	0.00450185
916	916	0.045152	0.0684349	0.0001	0.881811	0.00450185
917	917	0.045152	0.0688263	0.0001	0.88142	0.00450185
918	918	0.045152	0.0692162	0.0001	0.88103	0.00450185
919	919	0.045152	0.0696047	0.0001	0.880641	0.00450185
920	920	0.045152	0.0699918	0.0001	0.880254	0.00450185
921	921	0.045152	0.0703774	0.0001	0.879869	0.00450185
922	922	0.045152	0.0707614	0.0001	0.879485	0.00450185
923	923	0.045152	0.071144	0.0001	0.879102	0.00450185
924	924	0.045152	0.071525	0.0001	0.878721	0.00450185
925	925	0.045152	0.0719045	0.0001	0.878342	0.00450185
926	926	0.045152	0.0722824	0.0001	0.877964	0.00450185
927	927	0.045152	0.0726587	0.0001	0.877587	0.00450185
928	928	0.045152	0.0730334	0.0001	0.877213	0.00450185
929	929	0.045152	0.0734065	0.0001	0.87684	0.00450185
930	930	0.045152	0.0737779	0.0001	0.876468	0.00450185
931	931	0.045152	0.0741477	0.0001	0.876098	0.00450185
932	932	0.045152	0.0745159	0.0001	0.87573	0.00450185
933	933	0.045152	0.0748823	0.0001	0.875364	0.00450185
934	934	0.045152	0.0752471	0.0001	0.874999	0.00450185
935	935	0.045152	0.0756102	0.0001	0.874636	0.00450185
936	936	0.045152	0.0759715	0.0001	0.874275	0.00450185
937	937	0.045152	0.0763311	0.0001	0.873915	0.00450185
938	938	0.045152	0.076689	0.0001	0.873557	0.00450185
939	939	0.045152	0.0770451	0.0001	0.873201	0.00450185
940	940	0.045152	0.0773995	0.0001	0.872847	0.00450185
941	941	0.045152	0.0777521	0.0001	0.872494	0.00450185
942	942	0.045152	0.0781028	0.0001	0.872143	0.00450185
943	943	0.045152	0.0784518	0.0001	0.871794	0.00450185
944	944	0.045152	0.078799	0.0001	0.871447	0.00450185
945	945	0.045152	0.0791443	0.0001	0.871102	0.00450185
946	946	0.045152	0.0794878	0.0001	0.870758	0.00450185
947	947	0.045152	0.0798295	0.0001	0.870417	0.00450185
948	948	0.045152	0.0801693	0.0001	0.870077	0.00450185
949	949	0.045152	0.0805073	0.0001	0.869739	0.00450185
950	950	0.045152	0.0808434	0.0001	0.869403	0.00450185
951	951	0.045152	0.0811776	0.0001	0.869068	0.00450185
952	952	0.045152	0.08151	0.0001	0.868736	0.00450185
953	953	0.045152	0.0818404	0.0001	0.868406	0.00450185
954	954	0.045152	0.082169	0.0001	0.868077	0.00450185
955	955	0.045152	0.0824956	0.0001	0.86775	0.00450185
956	956	0.045152	0.0828204	0.0001	0.867426	0.00450185
957	957	0.045152	0.0831432	0.0001	0.867103	0.00450185
958	958	0.045152	0.0834641	0.0001	0.866782	0.00450185
959	959	0.045152	0.0837831	0.0001	0.866463	0.00450185
960	960	0.045152	0.0841001	0.0001	0.866146	0.00450185
961	961	0.045152	0.0844152	0.0001	0.865831	0.00450185
962	962	0.045152	0.0847284	0.0001	0.865518	0.00450185
963	963	0.045152	0.0850396	0.0001	0.865207	0.00450185
964	964	0.045152	0.0853488	0.0001	0.864897	0.00450185
965	965	0.045152	0.0856561	0.0001	0.86459	0.00450185
966	966	0.045152	0.0859615	0.0001	0.864285	0.00450185
967	967	0.045152	0.0862649	0.0001	0.863981	0.00450185
968	968	0.045152	0.0865663	0.0001	0.86368	0.00450185
969	969	0.045152	0.0868657	0.0001	0.86338	0.00450185
970	970	0.045152	0.0871632	0.0001	0.863083	0.00450185
971	971	0.045152	0.0874587	0.0001	0.862787	0.00450185
972	972	0.045152	0.0877522	0.0001	0.862494	0.00450185
973	973	0.045152	0.0880438	0.0001	0.862202	0.00450185
974	974	0.045152	0.0883334	0.0001	0.861913	0.00450185
975	975	0.045152	0.088621	0.0001	0.861625	0.00450185
976	976	0.045152	0.0889066	0.0001	0.861339	0.00450185
977	977	0.045152	0.0891903	0.0001	0.861056	0.00450185
978	978	0.045152	0.0894719	0.0001	0.860774	0.00450185
979	979	0.045152	0.0897516	0.0001	0.860494	0.00450185
980	980	0.045152	0.0900293	0.0001	0.860217	0.00450185
981	981	0.045152	0.0903051	0.0001	0.859941	0.00450185
982	982	0.045152	0.0905788	0.0001	0.859667	0.00450185
983	983	0.045152	0.0908506	0.0001	0.859396	0.00450185
984	984	0.045152	0.0911204	0.0001	0.859126	0.00450185
985	985	0.045152	0.0913882	0.0001	0.858858	0.00450185
986	986	0.045152	0.0916541	0.0001	0.858592	0.00450185
987	987	0.045152	0.091918	0.0001	0.858328	0.00450185
988	988	0.045152	0.0921799	0.0001	0.858066	0.00450185
989	989	0.045152	0.0924398	0.0001	0.857806	0.00450185
990	990	0.045152	0.0926978	0.0001	0.857548	0.00450185
991	991	0.045152	0.0929538	0.0001	0.857292	0.00450185
992	992	0.045152	0.0932079	0.0001	0.857038	0.00450185
993	993	0.045152	0.09346	0.0001	0.856786	0.00450185
994	994	0.045152	0.0937102	0.0001	0.856536	0.00450185
995	995	0.045152	0.0939584	0.0001	0.856288	0.00450185
996	996	0.045152	0.0942046	0.0001	0.856041	0.00450185
997	997	0.045152	0.094449	0.0001	0.855797	0.00450185
998	998	0.045152	0.0946913	0.0001	0.855555	0.00450185
999	999	0.045152	0.0949318	0.0001	0.855314	0.00450185
1000	1000	0.045152	0.0951703	0.0001	0.855076	0.00450185
1001	1001	0.045152	0.0954069	0.0001	0.854839	0.00450185
1002	1002	0.045152	0.0956416	0.0001	0.854605	0.00450185
1003	1003	0.045152	0.0958744	0.0001	0.854372	0.00450185
1004	1004	0.045152	0.0961052	0.0001	0.854141	0.00450185
1005	1005	0.045152	0.0963342	0.0001	0.853912	0.00450185
1006	1006	0.045152	0.0965612	0.0001	0.853685	0.00450185
1007	1007	0.045152	0.0967864	0.0001	0.85346	0.00450185
1008	1008	0.045152	0.0970097	0.0001	0.853236	0.00450185
1009	1009	0.045152	0.0972311	0.0001	0.853015	0.00450185
1010	1010	0.045152	0.0974506	0.0001	0.852796	0.00450185
1011	1011	0.045152	0.0976682	0.0001	0.852578	0.00450185
1012	1012	0.045152	0.097884	0.0001	0.852362	0.00450185
1013	1013	0.045152	0.098098	0.0001	0.852148	0.00450185
1014	1014	0.045152	0.09831	0.0001	0.851936	0.00450185
1015	1015	0.045152	0.0985203	0.0001	0.851726	0.00450185
1016	1016	0.045152	0.0987287	0.0001	0.851517	0.00450185
1017	1017	0.045152	0.0989353	0.0001	0.851311	0.00450185
1018	1018	0.045152	0.09914	0.0001	0.851106	0.00450185
1019	1019	0.045152	0.0993429	0.0001	0.850903	0.00450185
1020	1020	0.045152	0.0995441	0.0001	0.850702	0.00450185
1021	1021	0.045152	0.0997434	0.0001	0.850503	0.00450185
1022	1022	0.045152	0.0999409	0.0001	0.850305	0.00450185
1023	1023	0.045152	0.100137	0.0001	0.850109	0.00450185
1024	1024	0.045152	0.100331	0.0001	0.849915	0.00450185
1025	1025	0.045152	0.100523	0.0001	0.849723	0.00450185
1026	1026	0.045152	0.100713	0.0001	0.849533	0.00450185
1027	1027	0.045152	0.100902	0.0001	0.849344	0.00450185
1028	1028	0.045152	0.101089	0.0001	0.849157	0.00450185
1029	1029	0.045152	0.101274	0.0001	0.848972	0.00450185
1030	1030	0.045152	0.101458	0.0001	0.848788	0.00450185
1031	1031	0.045152	0.101639	0.0001	0.848607	0.00450185
1032	1032	0.045152	0.101819	0.0001	0.848427	0.00450185
1033	1033	0.045152	0.101998	0.0001	0.848248	0.00450185
1034	1034	0.045152	0.102174	0.0001	0.848072	0.00450185
1035	1035	0.045152	0.102349	0.0001	0.847897	0.00450185
1036	1036	0.045152	0.102523	0.0001	0.847723	0.00450185
1037	1037	0.045152	0.102694	0.0001	0.847552	0.00450185
1038	1038	0.045152	0.102864	0.0001	0.847382	0.00450185
1039	1039	0.045152	0.103033	0.0001	0.847213	0.00450185
1040	1040	0.045152	0.103199	0.0001	0.847047	0.00450185
1041	1041	0.045152	0.103364	0.0001	0.846882	0.00450185
1042	1042	0.045152	0.103528	0.0001	0.846718	0.00450185
1043	1043	0.045152	0.10369	0.0001	0.846557	0.00450185
1044	1044	0.045152	0.10385	0.0001	0.846396	0.00450185
1045	1045	0.045152	0.104008	0.0001	0.846238	0.00450185
1046	1046	0.045152	0.104165	0.0001	0.846081	0.00450185
1047	1047	0.045152	0.104321	0.0001	0.845925	0.00450185
1048	1048	0.045152	0.104475	0.0001	0.845771	0.00450185
1049	1049	0.045152	0.104627	0.0001	0.845619	0.00450185
1050	1050	0.045152	0.104778	0.0001	0.845468	0.00450185
1051	1051	0.045152	0.104927	0.0001	0.845319	0.00450185
1052	1052	0.045152	0.105075	0.0001	0.845171	0.00450185
1053	1053	0.045152	0.105221	0.0001	0.845025	0.00450185
1054	1054	0.045152	0.105366	0.0001	0.84488	0.00450185
1055	1055	0.045152	0.105509	0.0001	0.844737	0.00450185
1056	1056	0.045152	0.105651	0.0001	0.844595	0.00450185
1057	1057	0.045152	0.105791	0.0001	0.844455	0.00450185
1058	1058	0.045152	0.10593	0.0001	0.844316	0.00450185
1059	1059	0.045152	0.106067	0.0001	0.844179	0.00450185
1060	1060	0.045152	0.106203	0.0001	0.844043	0.00450185
1061	1061	0.045152	0.106337	0.0001	0.843909	0.00450185
1062	1062	0.045152	0.10647	0.0001	0.843776	0.00450185
1063	1063	0.045152	0.106602	0.0001	0.843644	0.00450185
1064	1064	0.045152	0.106732	0.0001	0.843514	0.00450185
1065	1065	0.045152	0.106861	0.0001	0.843385	0.00450185
1066	1066	0.045152	0.106988	0.0001	0.843258	0.00450185
1067	1067	0.045152	0.107114	0.0001	0.843132	0.00450185
1068	1068	0.045152	0.107239	0.0001	0.843007	0.00450185
1069	1069	0.045152	0.107362	0.0001	0.842884	0.00450185
1070	1070	0.045152	0.107484	0.0001	0.842762	0.00450185
1071	1071	0.045152	0.107604	0.0001	0.842642	0.00450185
1072	1072	0.045152	0.107724	0.0001	0.842522	0.00450185
1073	1073	0.045152	0.107842	0.0001	0.842404	0.00450185
1074	1074	0.045152	0.107958	0.0001	0.842288	0.00450185
1075	1075	0.045152	0.108074	0.0001	0.842172	0.00450185
1076	1076	0.045152	0.108188	0.0001	0.842058	0.00450185
1077	1077	0.045152	0.1083	0.0001	0.841946	0.00450185
1078	1078	0.045152	0.108412	0.0001	0.841834	0.00450185
1079	1079	0.045152	0.108522	0.0001	0.841724	0.00450185
1080	1080	0.045152	0.108631	0.0001	0.841615	0.00450185
1081	1081	0.045152	0.108739	0.0001	0.841507	0.00450185
1082	1082	0.045152	0.108845	0.0001	0.841401	0.00450185
1083	1083	0.045152	0.108951	0.0001	0.841295	0.00450185
1084	1084	0.045152	0.109055	0.0001	0.841191	0.00450185
1085	1085	0.045152	0.109158	0.0001	0.841088	0.00450185
1086	1086	0.045152	0.109259	0.0001	0.840987	0.00450185
1087	1087	0.045152	0.10936	0.0001	0.840886	0.00450185
1088	1088	0.045152	0.109459	0.0001	0.840787	0.00450185
1089	1089	0.045152	0.109558	0.0001	0.840689	0.00450185
1090	1090	0.045152	0.109655	0.0001	0.840591	0.00450185
1091	1091	0.045152	0.109751	0.0001	0.840496	0.00450185
1092	1092	0.045152	0.109845	0.0001	0.840401	0.00450185
1093	1093	0.045152	0.109939	0.0001	0.840307	0.00450185
1094	1094	0.045152	0.110032	0.0001	0.840215	0.00450185
1095	1095	0.045152	0.110123	0.0001	0.840123	0.00450185
1096	1096	0.045152	0.110213	0.0001	0.840033	0.00450185
1097	1097	0.045152	0.110303	0.0001	0.839943	0.00450185
1098	1098	0.045152	0.110391	0.0001	0.839855	0.00450185
1099	1099	0.045152	0.110478	0.0001	0.839768	0.00450185
1100	1100	0.045152	0.110564	0.0001	0.839682	0.00450185
1101	1101	0.045152	0.110649	0.0001	0.839597	0.00450185
1102	1102	0.045152	0.110733	0.0001	0.839513	0.00450185
1103	1103	0.045152	0.110816	0.0001	0.83943	0.00450185
1104	1104	0.045152	0.110898	0.0001	0.839348	0.00450185
1105	1105	0.045152	0.110979	0.0001	0.839267	0.00450185
1106	1106	0.045152	0.111059	0.0001	0.839187	0.00450185
1107	1107	0.045152	0.111138	0.0001	0.839108	0.00450185
1108	1108	0.045152	0.111216	0.0001	0.83903	0.00450185
1109	1109	0.045152	0.111293	0.0001	0.838953	0.00450185
1110	1110	0.045152	0.111369	0.0001	0.838877	0.00450185
1111	1111	0.045152	0.111445	0.0001	0.838802	0.00450185
1112	1112	0.045152	0.111519	0.0001	0.838727	0.00450185
1113	1113	0.045152	0.111592	0.0001	0.838654	0.00450185
1114	1114	0.045152	0.111664	0.0001	0.838582	0.00450185
1115	1115	0.045152	0.111736	0.0001	0.83851	0.00450185
1116	1116	0.045152	0.111806	0.0001	0.83844	0.00450185
1117	1117	0.045152	0.111876	0.0001	0.83837	0.00450185
1118	1118	0.045152	0.111945	0.0001	0.838301	0.00450185
1119	1119	0.045152	0.112013	0.0001	0.838234	0.00450185
1120	1120	0.045152	0.11208	0.0001	0.838167	0.00450185
1121	1121	0.045152	0.112146	0.0001	0.8381	0.00450185
1122	1122	0.045152	0.112211	0.0001	0.838035	0.00450185
1123	1123	0.045152	0.112275	0.0001	0.837971	0.00450185
1124	1124	0.045152	0.112339	0.0001	0.837907	0.00450185
1125	1125	0.045152	0.112402	0.0001	0.837844	0.00450185
1126	1126	0.045152	0.112464	0.0001	0.837782	0.00450185
1127	1127	0.045152	0.112525	0.0001	0.837721	0.00450185
1128	1128	0.045152	0.112585	0.0001	0.837661	0.00450185
1129	1129	0.045152	0.112645	0.0001	0.837601	0.00450185
1130	1130	0.045152	0.112704	0.0001	0.837542	0.00450185
1131	1131	0.045152	0.112762	0.0001	0.837484	0.00450185
1132	1132	0.045152	0.112819	0.0001	0.837427	0.00450185
1133	1133	0.045152	0.112875	0.0001	0.837371	0.00450185
1134	1134	0.045152	0.112931	0.0001	0.837315	0.00450185
1135	1135	0.045152	0.112986	0.0001	0.83726	0.00450185
1136	1136	0.045152	0.11304	0.0001	0.837206	0.00450185
1137	1137	0.045152	0.113094	0.0001	0.837152	0.00450185
1138	1138	0.045152	0.113147	0.0001	0.837099	0.00450185
1139	1139	0.045152	0.113199	0.0001	0.837047	0.00450185
1140	1140	0.045152	0.11325	0.0001	0.836996	0.00450185
1141	1141	0.045152	0.113301	0.0001	0.836945	0.00450185
1142	1142	0.045152	0.113351	0.0001	0.836895	0.00450185
1143	1143	0.045152	0.1134	0.0001	0.836846	0.00450185
1144	1144	0.045152	0.113449	0.0001	0.836797	0.00450185
1145	1145	0.045152	0.113497	0.0001	0.836749	0.00450185
1146	1146	0.045152	0.113544	0.0001	0.836702	0.00450185
1147	1147	0.045152	0.113591	0.0001	0.836655	0.00450185
1148	1148	0.045152	0.113637	0.0001	0.836609	0.00450185
1149	1149	0.045152	0.113682	0.0001	0.836564	0.00450185
1150	1150	0.045152	0.113727	0.0001	0.836519	0.00450185
1151	1151	0.045152	0.113771	0.0001	0.836475	0.00450185
1152	1152	0.045152	0.113814	0.0001	0.836432	0.00450185
1153	1153	0.045152	0.113857	0.0001	0.836389	0.00450185
1154	1154	0.045152	0.1139	0.0001	0.836347	0.00450185
1155	1155	0.045152	0.113941	0.0001	0.836305	0.00450185
1156	1156	0.045152	0.113982	0.0001	0.836264	0.00450185
1157	1157	0.045152	0.114023	0.0001	0.836223	0.00450185
1158	1158	0.045152	0.114063	0.0001	0.836183	0.00450185
1159	1159	0.045152	0.114102	0.0001	0.836144	0.00450185
1160	1160	0.045152	0.114141	0.0001	0.836105	0.00450185
1161	1161	0.045152	0.114179	0.0001	0.836067	0.00450185
1162	1162	0.045152	0.114217	0.0001	0.836029	0.00450185
1163	1163	0.045152	0.114254	0.0001	0.835992	0.00450185
1164	1164	0.045152	0.114291	0.0001	0.835955	0.00450185
1165	1165	0.045152	0.114327	0.0001	0.835919	0.00450185
1166	1166	0.045152	0.114363	0.0001	0.835884	0.00450185
1167	1167	0.045152	0.114398	0.0001	0.835848	0.00450185
1168	1168	0.045152	0.114432	0.0001	0.835814	0.00450185
1169	1169	0.045152	0.114466	0.0001	0.83578	0.00450185
1170	1170	0.045152	0.1145	0.0001	0.835746	0.00450185
1171	1171	0.045152	0.114533	0.0001	0.835713	0.00450185
1172	1172	0.045152	0.114565	0.0001	0.835681	0.00450185
1173	1173	0.045152	0.114598	0.0001	0.835649	0.00450185
1174	1174	0.045152	0.114629	0.0001	0.835617	0.00450185
1175	1175	0.045152	0.11466	0.0001	0.835586	0.00450185
1176	1176	0.045152	0.114691	0.0001	0.835555	0.00450185
1177	1177	0.045152	0.114721	0.0001	0.835525	0.00450185
1178	1178	0.045152	0.114751	0.0001	0.835495	0.00450185
1179	1179	0.045152	0.11478	0.0001	0.835466	0.00450185
1180	1180	0.045152	0.114809	0.0001	0.835437	0.00450185
1181	1181	0.045152	0.114838	0.0001	0.835408	0.00450185
1182	1182	0.045152	0.114866	0.0001	0.83538	0.00450185
1183	1183	0.045152	0.114893	0.0001	0.835353	0.00450185
1184	1184	0.045152	0.114921	0.0001	0.835325	0.00450185
1185	1185	0.045152	0.114947	0.0001	0.835299	0.00450185
1186	1186	0.045152	0.114974	0.0001	0.835272	0.00450185
1187	1187	0.045152	0.115	0.0001	0.835246	0.00450185
1188	1188	0.045152	0.115025	0.0001	0.835221	0.00450185
1189	1189	0.045152	0.115051	0.0001	0.835196	0.00450185
1190	1190	0.045152	0.115075	0.0001	0.835171	0.00450185
1191	1191	0.045152	0.1151	0.0001	0.835146	0.00450185
1192	1192	0.045152	0.115124	0.0001	0.835122	0.00450185
1193	1193	0.045152	0.115147	0.0001	0.835099	0.00450185
1194	1194	0.045152	0.115171	0.0001	0.835075	0.00450185
1195	1195	0.045152	0.115194	0.0001	0.835052	0.00450185
1196	1196	0.045152	0.115216	0.0001	0.83503	0.00450185
1197	1197	0.045152	0.115239	0.0001	0.835008	0.00450185
1198	1198	0.045152	0.11526	0.0001	0.834986	0.00450185
1199	1199	0.045152	0.115282	0.0001	0.834964	0.00450185
1200	1200	0.045152	0.115303	0.0001	0.834943	0.00450185
1201	1201	0.045152	0.115324	0.0001	0.834922	0.00450185
1202	1202	0.045152	0.115345	0.0001	0.834902	0.00450185
1203	1203	0.045152	0.115365	0.0001	0.834881	0.00450185
1204	1204	0.045152	0.115385	0.0001	0.834861	0.00450185
1205	1205	0.045152	0.115404	0.0001	0.834842	0.00450185
1206	1206	0.045152	0.115424	0.0001	0.834823	0.00450185
1207	1207	0.045152	0.115442	0.0001	0.834804	0.00450185
1208	1208	0.045152	0.115461	0.0001	0.834785	0.00450185
1209	1209	0.045152	0.115479	0.0001	0.834767	0.00450185
1210	1210	0.045152	0.115498	0.0001	0.834749	0.00450185
1211	1211	0.045152	0.115515	0.0001	0.834731	0.00450185
1212	1212	0.045152	0.115533	0.0001	0.834713	0.00450185
1213	1213	0.045152	0.11555	0.0001	0.834696	0.00450185
1214	1214	0.045152	0.115567	0.0001	0.834679	0.00450185
1215	1215	0.045152	0.115584	0.0001	0.834663	0.00450185
1216	1216	0.045152	0.1156	0.0001	0.834646	0.00450185
1217	1217	0.045152	0.115616	0.0001	0.83463	0.00450185
1218	1218	0.045152	0.115632	0.0001	0.834614	0.00450185
1219	1219	0.045152	0.115647	0.0001	0.834599	0.00450185
1220	1220	0.045152	0.115663	0.0001	0.834583	0.00450185
1221	1221	0.045152	0.115678	0.0001	0.834568	0.00450185
1222	1222	0.045152	0.115693	0.0001	0.834553	0.00450185
1223	1223	0.045152	0.115707	0.0001	0.834539	0.00450185
1224	1224	0.045152	0.115722	0.0001	0.834525	0.00450185
1225	1225	0.045152	0.115736	0.0001	0.83451	0.00450185
1226	1226	0.045152	0.115749	0.0001	0.834497	0.00450185
1227	1227	0.045152	0.115763	0.0001	0.834483	0.00450185
1228	1228	0.045152	0.115777	0.0001	0.83447	0.00450185
1229	1229	0.045152	0.11579	0.0001	0.834456	0.00450185
1230	1230	0.045152	0.115803	0.0001	0.834443	0.00450185
1231	1231	0.045152	0.115815	0.0001	0.834431	0.00450185
1232	1232	0.045152	0.115828	0.0001	0.834418	0.00450185
1233	1233	0.045152	0.11584	0.0001	0.834406	0.00450185
1234	1234	0.045152	0.115852	0.0001	0.834394	0.00450185
1235	1235	0.045152	0.115864	0.0001	0.834382	0.00450185
1236	1236	0.045152	0.115876	0.0001	0.83437	0.00450185
1237	1237	0.045152	0.115887	0.0001	0.834359	0.00450185
1238	1238	0.045152	0.115899	0.0001	0.834347	0.00450185
1239	1239	0.045152	0.11591	0.0001	0.834336	0.00450185
1240	1240	0.045152	0.115921	0.0001	0.834325	0.00450185
1241	1241	0.045152	0.115931	0.0001	0.834315	0.00450185
1242	1242	0.045152	0.115942	0.0001	0.834304	0.00450185
1243	1243	0.045152	0.115952	0.0001	0.834294	0.00450185
1244	1244	0.045152	0.115962	0.0001	0.834284	0.00450185
1245	1245	0.045152	0.115972	0.0001	0.834274	0.00450185
1246	1246	0.045152	0.115982	0.0001	0.834264	0.00450185
1247	1247	0.045152	0.115982	0.00604575	0.828318	0.00450185
1248	1248	0.045152	0.115982	0.0119632	0.822401	0.00450185
1249	1249	0.045152	0.115982	0.0178446	0.816519	0.00450185
1250	1250	0.045152	0.115982	0.0236882	0.810676	0.00450185
1251	1251	0.045152	0.115982	0.0294934	0.804871	0.00450185
1252	1252	0.045152	0.115982	0.0352604	0.799104	0.00450185
1253	1253	0.045152	0.115982	0.0409893	0.793375	0.00450185
1254	1254	0.045152	0.115982	0.0466806	0.787683	0.00450185
1255	1255	0.045152	0.115982	0.0523351	0.782029	0.00450185
1256	1256	0.045152	0.115982	0.0579546	0.776409	0.00450185
1257	1257	0.045152	0.115982	0.0635408	0.770823	0.00450185
1258	1258	0.045152	0.115982	0.0690927	0.765271	0.00450185
1259	1259	0.045152	0.115982	0.0746095	0.759754	0.00450185
1260	1260	0.045152	0.115982	0.0800911	0.754273	0.00450185
1261	1261	0.045152	0.115982	0.0855375	0.748826	0.00450185
1262	1262	0.045152	0.115982	0.0909488	0.743415	0.00450185
1263	1263	0.045152	0.115982	0.0963253	0.738039	0.00450185
1264	1264	0.045152	0.115982	0.101667	0.732697	0.00450185
1265	1265	0.045152	0.115982	0.106974	0.72739	0.00450185
1266	1266	0.045152	0.115982	0.112247	0.722117	0.00450185
1267	1267	0.045152	0.115982	0.117486	0.716878	0.00450185
1268	1268	0.045152	0.115982	0.122691	0.711673	0.00450185
1269	1269	0.045152	0.115982	0.127863	0.706501	0.00450185
1270	1270	0.045152	0.115982	0.133003	0.70136	0.00450185
1271	1271	0.045152	0.115982	0.138112	0.696252	0.00450185
1272	1272	0.045152	0.115982	0.14319	0.691174	0.00450185
1273	1273	0.045152	0.115982	0.148236	0.686128	0.00450185
1274	1274	0.045152	0.115982	0.15325	0.681114	0.00450185
1275	1275	0.045152	0.115982	0.158232	0.676132	0.00450185
1276	1276	0.045152	0.115982	0.163182	0.671182	0.00450185
1277	1277	0.045152	0.115982	0.168101	0.666263	0.00450185
1278	1278	0.045152	0.115982	0.172987	0.661377	0.00450185
1279	1279	0.045152	0.115982	0.177842	0.656522	0.00450185
1280	1280	0.045152	0.115982	0.182665	0.651699	0.00450185
1281	1281	0.045152	0.115982	0.187457	0.646907	0.00450185
1282	1282	0.045152	0.115982	0.192218	0.642146	0.00450185
1283	1283	0.045152	0.115982	0.196947	0.637417	0.00450185
1284	1284	0.045152	0.115982	0.201646	0.632718	0.00450185
1285	1285	0.045152	0.115982	0.206315	0.628049	0.00450185
1286	1286	0.045152	0.115982	0.210954	0.62341	0.00450185
1287	1287	0.045152	0.115982	0.215563	0.618801	0.00450185
1288	1288	0.045152	0.115982	0.220142	0.614222	0.00450185
1289	1289	0.045152	0.115982	0.224693	0.609671	0.00450185
1290	1290	0.045152	0.115982	0.229214	0.60515	0.00450185
1291	1291	0.045152	0.115982	0.233707	0.600657	0.00450185
1292	1292	0.045152	0.115982	0.23817	0.596194	0.00450185
1293	1293	0.045152	0.115982	0.242605	0.591759	0.00450185
1294	1294	0.045152	0.115982	0.247012	0.587352	0.00450185
1295	1295	0.045152	0.115982	0.25139	0.582974	0.00450185
1296	1296	0.045152	0.115982	0.255739	0.578625	0.00450185
1297	1297	0.045152	0.115982	0.260061	0.574303	0.00450185
1298	1298	0.045152	0.115982	0.264354	0.57001	0.00450185
1299	1299	0.045152	0.115982	0.26862	0.565744	0.00450185
1300	1300	0.045152	0.115982	0.272858	0.561506	0.00450185
1301	1301	0.045152	0.115982	0.277069	0.557295	0.00450185
1302	1302	0.045152	0.115982	0.281253	0.553111	0.00450185
1303	1303	0.045152	0.115982	0.285409	0.548955	0.00450185
1304	1304	0.045152	0.115982	0.289539	0.544825	0.00450185
1305	1305	0.045152	0.115982	0.293643	0.540721	0.00450185
1306	1306	0.045152	0.115982	0.29772	0.536644	0.00450185
1307	1307	0.045152	0.115982	0.30177	0.532594	0.00450185
1308	1308	0.045152	0.115982	0.305795	0.528569	0.00450185
1309	1309	0.045152	0.115982	0.309793	0.524571	0.00450185
1310	1310	0.045152	0.115982	0.313766	0.520598	0.00450185
1311	1311	0.045152	0.115982	0.317713	0.516651	0.00450185
1312	1312	0.045152	0.115982	0.321635	0.512729	0.00450185
1313	1313	0.045152	0.115982	0.325531	0.508833	0.00450185
1314	1314	0.045152	0.115982	0.329402	0.504962	0.00450185
1315	1315	0.045152	0.115982	0.333247	0.501117	0.00450185
1316	1316	0.045152	0.115982	0.337068	0.497296	0.00450185
1317	1317	0.045152	0.115982	0.340865	0.493499	0.00450185
1318	1318	0.045152	0.115982	0.344636	0.489728	0.00450185
1319	1319	0.045152	0.115982	0.348384	0.48598	0.00450185
1320	1320	0.045152	0.115982	0.352107	0.482257	0.00450185
1321	1321	0.045152	0.115982	0.355806	0.478558	0.00450185
1322	1322	0.045152	0.115982	0.359481	0.474883	0.00450185
1323	1323	0.045152	0.115982	0.363132	0.471232	0.00450185
1324	1324	0.045152	0.115982	0.36676	0.467604	0.00450185
1325	1325	0.045152	0.115982	0.370364	0.464	0.00450185
1326	1326	0.045152	0.115982	0.373945	0.460419	0.00450185
1327	1327	0.045152	0.115982	0.377502	0.456861	0.00450185
1328	1328	0.045152	0.115982	0.381037	0.453327	0.00450185
1329	1329	0.045152	0.115982	0.384549	0.449815	0.00450185
1330	1330	0.045152	0.115982	0.388038	0.446326	0.00450185
1331	1331	0.045152	0.115982	0.391504	0.44286	0.00450185
1332	1332	0.045152	0.115982	0.394948	0.439416	0.00450185
1333	1333	0.045152	0.115982	0.398369	0.435995	0.00450185
1334	1334	0.045152	0.115982	0.401769	0.432595	0.00450185
1335	1335	0.045152	0.115982	0.405146	0.429218	0.00450185
1336	1336	0.045152	0.115982	0.408501	0.425863	0.00450185
1337	1337	0.045152	0.115982	0.411835	0.422529	0.00450185
1338	1338	0.045152	0.115982	0.415147	0.419217	0.00450185
1339	1339	0.045152	0.115982	0.418438	0.415926	0.00450185
1340	1340	0.045152	0.115982	0.421707	0.412657	0.00450185
1341	1341	0.045152	0.115982	0.424955	0.409409	0.00450185
1342	1342	0.045152	0.115982	0.428182	0.406182	0.00450185
1343	1343	0.045152	0.115982	0.431388	0.402976	0.00450185
1344	1344	0.045152	0.115982	0.434573	0.399791	0.00450185
1345	1345	0.045152	0.115982	0.437737	0.396627	0.00450185
1346	1346	0.045152	0.115982	0.440881	0.393483	0.00450185
1347	1347	0.045152	0.115982	0.444005	0.390359	0.00450185
1348	1348	0.045152	0.115982	0.447108	0.387256	0.00450185
1349	1349	0.045152	0.115982	0.450191	0.384173	0.00450185
1350	1350	0.045152	0.115982	0.453254	0.38111	0.00450185
1351	1351	0.045152	0.115982	0.456298	0.378066	0.00450185
1352	1352	0.045152	0.115982	0.459321	0.375043	0.00450185
1353	1353	0.045152	0.115982	0.462325	0.372039	0.00450185
1354	1354	0.045152	0.115982	0.465309	0.369055	0.00450185
1355	1355	0.045152	0.115982	0.468274	0.36609	0.00450185
1356	1356	0.045152	0.115982	0.47122	0.363144	0.00450185
1357	1357	0.045152	0.115982	0.474146	0.360218	0.00450185
1358	1358	0.045152	0.115982	0.477054	0.35731	0.00450185
1359	1359	0.045152	0.115982	0.479942	0.354422	0.00450185
1360	1360	0.045152	0.115982	0.482812	0.351552	0.00450185
1361	1361	0.045152	0.115982	0.485663	0.348701	0.00450185
1362	1362	0.045152	0.115982	0.488496	0.345868	0.00450185
1363	1363	0.045152	0.115982	0.49131	0.343054	0.00450185
1364	1364	0.045152	0.115982	0.494106	0.340258	0.00450185
1365	1365	0.045152	0.115982	0.496884	0.33748	0.00450185
1366	1366	0.045152	0.115982	0.499643	0.334721	0.00450185
1367	1367	0.045152	0.115982	0.502385	0.331979	0.00450185
1368	1368	0.045152	0.115982	0.505109	0.329255	0.00450185
1369	1369	0.045152	0.115982	0.507815	0.326549	0.00450185
1370	1370	0.045152	0.115982	0.510504	0.32386	0.00450185
1371	1371	0.045152	0.115982	0.513175	0.321189	0.00450185
1372	1372	0.045152	0.115982	0.515829	0.318535	0.00450185
1373	1373	0.045152	0.115982	0.518465	0.315899	0.00450185
1374	1374	0.045152	0.115982	0.521084	0.31328	0.00450185
1375	1375	0.045152	0.115982	0.523687	0.310677	0.00450185
1376	1376	0.045152	0.115982	0.526272	0.308092	0.00450185
1377	1377	0.045152	0.115982	0.52884	0.305524	0.00450185
1378	1378	0.045152	0.115982	0.531392	0.302972	0.00450185
1379	1379	0.045152	0.115982	0.533927	0.300437	0.00450185
1380	1380	0.045152	0.115982	0.536446	0.297918	0.00450185
1381	1381	0.045152	0.115982	0.538948	0.295416	0.00450185
1382	1382	0.045152	0.115982	0.541434	0.29293	0.00450185
1383	1383	0.045152	0.115982	0.543904	0.29046	0.00450185
1384	1384	0.045152	0.115982	0.546358	0.288006	0.00450185
1385	1385	0.045152	0.115982	0.548795	0.285569	0.00450185
1386	1386	0.045152	0.115982	0.551217	0.283147	0.00450185
1387	1387	0.045152	0.115982	0.553623	0.280741	0.00450185
1388	1388	0.045152	0.115982	0.556014	0.27835	0.00450185
1389	1389	0.045152	0.115982	0.558388	0.275976	0.00450185
1390	1390	0.045152	0.115982	0.560748	0.273616	0.00450185
1391	1391	0.045152	0.115982	0.563092	0.271272	0.00450185
1392	1392	0.045152	0.115982	0.56542	0.268943	0.00450185
1393	1393	0.045152	0.115982	0.567734	0.26663	0.00450185
1394	1394	0.045152	0.115982	0.570032	0.264332	0.00450185
1395	1395	0.045152	0.115982	0.572316	0.262048	0.00450185
1396	1396	0.045152	0.115982	0.574584	0.259779	0.00450185
1397	1397	0.045152	0.115982	0.576838	0.257526	0.00450185
1398	1398	0.045152	0.115982	0.579077	0.255287	0.00450185
1399	1399	0.045152	0.115982	0.581302	0.253062	0.00450185
1400	1400	0.045152	0.115982	0.583512	0.250852	0.00450185
1401	1401	0.045152	0.115982	0.585707	0.248657	0.00450185
1402	1402	0.045152	0.115982	0.587889	0.246475	0.00450185
1403	1403	0.045152	0.115982	0.590056	0.244308	0.00450185
1404	1404	0.045152	0.115982	0.592209	0.242155	0.00450185
1405	1405	0.045152	0.115982	0.594347	0.240016	0.00450185
1406	1406	0.045152	0.115982	0.596472	0.237892	0.00450185
1407	1407	0.045152	0.115982	0.598583	0.23578	0.00450185
1408	1408	0.045152	0.115982	0.600681	0.233683	0.00450185
1409	1409	0.045152	0.115982	0.602764	0.2316	0.00450185
1410	1410	0.045152	0.115982	0.604834	0.22953	0.00450185
1411	1411	0.045152	0.115982	0.606891	0.227473	0.00450185
1412	1412	0.045152	0.115982	0.608934	0.22543	0.00450185
1413	1413	0.045152	0.115982	0.610964	0.2234	0.00450185
1414	1414	0.045152	0.115982	0.61298	0.221384	0.00450185
1415	1415	0.045152	0.115982	0.614983	0.219381	0.00450185
1416	1416	0.045152	0.115982	0.616974	0.21739	0.00450185
1417	1417	0.045152	0.115982	0.618951	0.215413	0.00450185
1418	1418	0.045152	0.115982	0.620915	0.213449	0.00450185
1419	1419	0.045152	0.115982	0.622867	0.211497	0.00450185
1420	1420	0.045152	0.115982	0.624806	0.209558	0.00450185
1421	1421	0.045152	0.115982	0.626732	0.207632	0.00450185
1422	1422	0.045152	0.115982	0.628645	0.205719	0.00450185
1423	1423	0.045152	0.115982	0.630546	0.203818	0.00450185
1424	1424	0.045152	0.115982	0.632435	0.201929	0.00450185
1425	1425	0.045152	0.115982	0.634311	0.200053	0.00450185
1426	1426	0.045152	0.115982	0.636175	0.198189	0.00450185
1427	1427	0.045152	0.115982	0.638027	0.196337	0.00450185
1428	1428	0.045152	0.115982	0.639867	0.194497	0.00450185
1429	1429	0.045152	0.115982	0.641695	0.192669	0.00450185
1430	1430	0.045152	0.115982	0.643511	0.190853	0.00450185
1431	1431	0.045152	0.115982	0.645315	0.189049	0.00450185
1432	1432	0.045152	0.115982	0.647107	0.187257	0.00450185
1433	1433	0.045152	0.115982	0.648888	0.185476	0.00450185
1434	1434	0.045152	0.115982	0.650656	0.183707	0.00450185
1435	1435	0.045152	0.115982	0.652414	0.18195	0.00450185
1436	1436	0.045152	0.115982	0.65416	0.180204	0.00450185
1437	1437	0.045152	0.115982	0.655894	0.17847	0.00450185
1438	1438	0.045152	0.115982	0.657617	0.176747	0.00450185
1439	1439	0.045152	0.115982	0.659329	0.175035	0.00450185
1440	1440	0.045152	0.115982	0.66103	0.173334	0.00450185
1441	1441	0.045152	0.115982	0.66272	0.171644	0.00450185
1442	1442	0.045152	0.115982	0.664398	0.169966	0.00450185
1443	1443	0.045152	0.115982	0.666066	0.168298	0.00450185
1444	1444	0.045152	0.115982	0.667723	0.166641	0.00450185
1445	1445	0.045152	0.115982	0.669369	0.164995	0.00450185
1446	1446	0.045152	0.115982	0.671004	0.16336	0.00450185
1447	1447	0.045152	0.115982	0.672628	0.161736	0.00450185
1448	1448	0.045152	0.115982	0.674242	0.160122	0.00450185
1449	1449	0.045152	0.115982	0.675846	0.158518	0.00450185
1450	1450	0.045152	0.115982	0.677439	0.156925	0.00450185
1451	1451	0.045152	0.115982	0.679021	0.155343	0.00450185
1452	1452	0.045152	0.115982	0.680593	0.153771	0.00450185
1453	1453	0.045152	0.115982	0.682155	0.152209	0.00450185
1454	1454	0.045152	0.115982	0.683707	0.150657	0.00450185
1455	1455	0.045152	0.115982	0.685249	0.149115	0.00450185
1456	1456	0.045152	0.115982	0.68678	0.147584	0.00450185
1457	1457	0.045152	0.115982	0.688302	0.146062	0.00450185
1458	1458	0.045152	0.115982	0.689814	0.14455	0.00450185
1459	1459	0.045152	0.115982	0.691315	0.143048	0.00450185
1460	1460	0.045152	0.115982	0.692808	0.141556	0.00450185
1461	1461	0.045152	0.115982	0.69429	0.140074	0.00450185
1462	1462	0.045152	0.115982	0.695762	0.138601	0.00450185
1463	1463	0.045152	0.115982	0.697225	0.137138	0.00450185
1464	1464	0.045152	0.115982	0.698679	0.135685	0.00450185
1465	1465	0.045152	0.115982	0.700123	0.134241	0.00450185
1466	1466	0.045152	0.115982	0.701558	0.132806	0.00450185
1467	1467	0.045152	0.115982	0.702983	0.131381	0.00450185
1468	1468	0.045152	0.115982	0.704399	0.129965	0.00450185
1469	1469	0.045152	0.115982	0.705806	0.128558	0.00450185
1470	1470	0.045152	0.115982	0.707203	0.127161	0.00450185
1471	1471	0.045152	0.115982	0.708592	0.125772	0.00450185
1472	1472	0.045152	0.115982	0.709971	0.124393	0.00450185
1473	1473	0.045152	0.115982	0.711342	0.123022	0.00450185
1474	1474	0.045152	0.115982	0.712703	0.121661	0.00450185
1475	1475	0.045152	0.115982	0.714056	0.120308	0.00450185
1476	1476	0.045152	0.115982	0.7154	0.118964	0.00450185
1477	1477	0.045152	0.115982	0.716735	0.117629	0.00450185
1478	1478	0.045152	0.115982	0.718061	0.116303	0.00450185
1479	1479	0.045152	0.115982	0.719379	0.114985	0.00450185
1480	1480	0.045152	0.115982	0.720688	0.113676	0.00450185
1481	1481	0.045152	0.115982	0.721989	0.112375	0.00450185
1482	1482	0.045152	0.115982	0.723281	0.111083	0.00450185
1483	1483	0.045152	0.115982	0.724565	0.109799	0.00450185
1484	1484	0.045152	0.115982	0.72584	0.108524	0.00450185
1485	1485	0.045152	0.115982	0.727107	0.107257	0.00450185
1486	1486	0.045152	0.115982	0.728366	0.105998	0.00450185
1487	1487	0.045152	0.115982	0.729617	0.104747	0.00450185
1488	1488	0.045152	0.115982	0.730859	0.103505	0.00450185
1489	1489	0.045152	0.115982	0.732094	0.10227	0.00450185
1490	1490	0.045152	0.115982	0.73332	0.101044	0.00450185
1491	1491	0.045152	0.115982	0.734539	0.0998253	0.00450185
1492	1492	0.045152	0.115982	0.735749	0.0986147	0.00450185
1493	1493	0.045152	0.115982	0.736952	0.097412	0.00450185
1494	1494	0.045152	0.115982	0.738147	0.0962172	0.00450185
1495	1495	0.045152	0.115982	0.739334	0.0950301	0.00450185
1496	1496	0.045152	0.115982	0.740513	0.0938507	0.00450185
1497	1497	0.045152	0.115982	0.741685	0.092679	0.00450185
1498	1498	0.045152	0.115982	0.742849	0.0915149	0.00450185
1499	1499	0.045152	0.115982	0.744005	0.0903584	0.00450185
1500	1500	0.045152	0.115982	0.745154	0.0892094	0.00450185
1501	1501	0.045152	0.115982	0.746296	0.0880679	0.00450185
1502	1502	0.045152	0.115982	0.74743	0.0869338	0.00450185
1503	1503	0.045152	0.115982	0.748557	0.085807	0.00450185
1504	1504	0.045152	0.115982	0.749676	0.0846876	0.00450185
1505	1505	0.045152	0.115982	0.750789	0.0835754	0.00450185
1506	1506	0.045152	0.115982	0.751893	0.0824705	0.00450185
1507	1507	0.045152	0.115982	0.752991	0.0813727	0.00450185
1508	1508	0.045152	0.115982	0.754082	0.080282	0.00450185
1509	1509	0.045152	0.115982	0.755165	0.0791985	0.00450185
1510	1510	0.045152	0.115982	0.756242	0.078122	0.00450185
1511	1511	0.045152	0.115982	0.757311	0.0770524	0.00450185
1512	1512	0.045152	0.115982	0.758374	0.0759898	0.00450185
1513	1513	0.045152	0.115982	0.75943	0.0749342	0.00450185
1514	1514	0.045152	0.115982	0.760479	0.0738853	0.00450185
1515	1515	0.045152	0.115982	0.761521	0.0728433	0.00450185
1516	1516	0.045152	0.115982	0.762556	0.071808	0.00450185
1517	1517	0.045152	0.115982	0.763584	0.0707795	0.00450185
1518	1518	0.045152	0.115982	0.764606	0.0697576	0.00450185
1519	1519	0.045152	0.115982	0.765622	0.0687423	0.00450185
1520	1520	0.045152	0.115982	0.76663	0.0677337	0.00450185
1521	1521	0.045152	0.115982	0.767632	0.0667315	0.00450185
1522	1522	0.045152	0.115982	0.768628	0.0657359	0.00450185
1523	1523	0.045152	0.115982	0.769617	0.0647467	0.00450185
1524	1524	0.045152	0.115982	0.7706	0.063764	0.00450185
1525	1525	0.045152	0.115982	0.771576	0.0627876	0.00450185
1526	1526	0.045152	0.115982	0.772546	0.0618176	0.00450185
1527	1527	0.045152	0.115982	0.77351	0.0608538	0.00450185
1528	1528	0.045152	0.115982	0.774468	0.0598963	0.00450185
1529	1529	0.045152	0.115982	0.775419	0.058945	0.00450185
1530	1530	0.045152	0.115982	0.776364	0.0579999	0.00450185
1531	1531	0.045152	0.115982	0.777303	0.0570609	0.00450185
1532	1532	0.045152	0.115982	0.778236	0.0561279	0.00450185
1533	1533	0.045152	0.115982	0.779163	0.0552011	0.00450185
1534	1534	0.045152	0.115982	0.780084	0.0542802	0.00450185
1535	1535	0.045152	0.115982	0.780999	0.0533653	0.00450185
1536	1536	0.045152	0.115982	0.781908	0.0524563	0.00450185
1537	1537	0.045152	0.115982	0.782811	0.0515532	0.00450185
1538	1538	0.045152	0.115982	0.783708	0.050656	0.00450185
1539	1539	0.045152	0.115982	0.784599	0.0497646	0.00450185
1540	1540	0.045152	0.115982	0.785485	0.0488789	0.00450185
1541	1541	0.045152	0.115982	0.786365	0.047999	0.00450185
1542	1542	0.045152	0.115982	0.787239	0.0471248	0.00450185
1543	1543	0.045152	0.115982	0.788108	0.0462562	0.00450185
1544	1544	0.045152	0.115982	0.788971	0.0453933	0.00450185
1545	1545	0.045152	0.115982	0.789828	0.044536	0.00450185
1546	1546	0.045152	0.115982	0.79068	0.0436842	0.00450185
1547	1547	0.045152	0.115982	0.791526	0.0428379	0.00450185
1548	1548	0.045152	0.115982	0.792367	0.0419971	0.00450185
1549	1549	0.045152	0.115982	0.793202	0.0411618	0.00450185
1550	1550	0.045152	0.115982	0.794032	0.0403318	0.00450185
1551	1551	0.045152	0.115982	0.794857	0.0395073	0.00450185
1552	1552	0.045152	0.115982	0.795676	0.038688	0.00450185
1553	1553	0.045152	0.115982	0.79649	0.0378741	0.00450185
1554	1554	0.045152	0.115982	0.797298	0.0370654	0.00450185
1555	1555	0.045152	0.115982	0.798102	0.036262	0.00450185
1556	1556	0.045152	0.115982	0.7989	0.0354638	0.00450185
1557	1557	0.045152	0.115982	0.799693	0.0346707	0.00450185
1558	1558	0.045152	0.115982	0.800481	0.0338828	0.00450185
1559	1559	0.045152	0.115982	0.801264	0.0330999	0.00450185
1560	1560	0.045152	0.115982	0.802042	0.0323221	0.00450185
1561	1561	0.045152	0.115982	0.802814	0.0315494	0.00450185
1562	1562	0.045152	0.115982	0.803582	0.0307817	0.00450185
1563	1563	0.045152	0.115982	0.804345	0.0300189	0.00450185
1564	1564	0.045152	0.115982	0.805103	0.0292611	0.00450185
1565	1565	0.045152	0.115982	0.805856	0.0285081	0.00450185
1566	1566	0.045152	0.115982	0.806604	0.02776	0.00450185
1567	1567	0.045152	0.115982	0.807347	0.0270168	0.00450185
1568	1568	0.045152	0.115982	0.808086	0.0262784	0.00450185
1569	1569	0.045152	0.115982	0.808819	0.0255447	0.00450185
1570	1570	0.045152	0.115982	0.809548	0.0248158	0.00450185
1571	1571	0.045152	0.115982	0.810272	0.0240916	0.00450185
1572	1572	0.045152	0.115982	0.810992	0.0233721	0.00450185
1573	1573	0.045152	0.115982	0.811707	0.0226573	0.00450185
1574	1574	0.045152	0.115982	0.812417	0.021947	0.00450185
1575	1575	0.045152	0.115982	0.813123	0.0212414	0.00450185
1576	1576	0.045152	0.115982	0.813824	0.0205403	0.00450185
1577	1577	0.045152	0.115982	0.81452	0.0198437	0.00450185
1578	1578	0.045152	0.115982	0.815212	0.0191517	0.00450185
1579	1579	0.045152	0.115982	0.8159	0.0184641	0.00450185
1580	1580	0.045152	0.115982	0.816583	0.017781	0.00450185
1581	1581	0.045152	0.115982	0.817262	0.0171023	0.00450185
1582	1582	0.045152	0.115982	0.817936	0.0164279	0.00450185
1583	1583	0.045152	0.115982	0.818606	0.015758	0.00450185
1584	1584	0.045152	0.115982	0.819272	0.0150923	0.00450185
1585	1585	0.045152	0.115982	0.819933	0.014431	0.00450185
1586	1586	0.045152	0.115982	0.82059	0.0137739	0.00450185
1587	1587	0.045152	0.115982	0.821243	0.0131211	0.00450185
1588	1588	0.045152	0.115982	0.821891	0.0124725	0.00450185
1589	1589	0.045152	0.115982	0.822536	0.0118281	0.00450185
1590	1590	0.045152	0.115982	0.823176	0.0111878	0.00450185
1591	1591	0.045152	0.115982	0.823812	0.0105517	0.00450185
1592	1592	0.045152	0.115982	0.824444	0.0099197	0.00450185
1593	1593	0.045152	0.115982	0.825072	0.00929178	0.00450185
1594	1594	0.045152	0.115982	0.825696	0.00866792	0.00450185
1595	1595	0.045152	0.115982	0.826316	0.00804808	0.00450185
1596	1596	0.045152	0.115982	0.826932	0.00743225	0.00450185
1597	1597	0.045152	0.115982	0.827544	0.00682039	0.00450185
1598	1598	0.045152	0.115982	0.828151	0.00621249	0.00450185
1599	1599	0.045152	0.115982	0.828755	0.00560851	0.00450185
1600	1600	0.045152	0.115982	0.829355	0.00500844	0.00450185
1601	1601	0.045152	0.115982	0.829952	0.00441224	0.00450185
1602	1602	0.045152	0.115982	0.830544	0.00381989	0.00450185
1603	1603	0.045152	0.115982	0.831133	0.00323136	0.00450185
1604	1604	0.045152	0.115982	0.831717	0.00264664	0.00450185
1605	1605	0.045152	0.115982	0.832298	0.00206569	0.00450185
1606	1606	0.045152	0.115982	0.832875	0.00148849	0.00450185
1607	1607	0.045152	0.115982	0.833449	0.000915018	0.00450185
1608	1608	0.045152	0.115982	0.834019	0.00034525	0.00450185
1609	1609	0.0451421	0.115957	0.8344	0	0.00450085
1610	1610	0.0451421	0.115957	0.8344	0	0.00450085
1611	1611	0.0451421	0.115957	0.8344	0	0.00450085
1612	1612	0.0451421	0.115957	0.8344	0	0.00450085
1613	1613	0.0451421	0.115957	0.8344	0	0.00450085
1614	1614	0.0451421	0.115957	0.8344	0	0.00450085
1615	1615	0.0451421	0.115957	0.8344	0	0.00450085
1616	1616	0.0451421	0.115957	0.8344	0	0.00450085
1617	1617	0.0451421	0.115957	0.8344	1.11022e-16	0.00450085
1618	1618	0.045118	0.115895	0.834489	0	0.00449845
1619	1619	0.045118	0.115895	0.834489	0	0.00449845
1620	1620	0.045118	0.115895	0.834489	0	0.00449845
1621	1621	0.045118	0.115895	0.834489	0	0.00449845
1622	1622	0.045118	0.115895	0.834489	0	0.00449845
1623	1623	0.045118	0.115895	0.834489	0	0.00449845
1624	1624	0.045118	0.115895	0.834489	0	0.00449845
1625	1625	0.045118	0.115895	0.834489	0	0.00449845
1626	1626	0.045118	0.115895	0.834489	0	0.00449845
1627	1627	0.045118	0.115895	0.834489	0	0.00449845
1628	1628	0.045118	0.115895	0.834489	0	0.00449845
1629	1629	0.045118	0.115895	0.834489	0	0.00449845
1630	1630	0.045118	0.115895	0.834489	0	0.00449845
1631	1631	0.045118	0.115895	0.834489	0	0.00449845
1632	1632	0.045118	0.115895	0.834489	0	0.00449845
1633	1633	0.045118	0.115895	0.834489	0	0.00449845
1634	1634	0.045118	0.115895	0.834489	0	0.00449845
1635	1635	0.045118	0.115895	0.834489	0	0.00449845
1636	1636	0.045118	0.115895	0.834489	0	0.00449845
1637	1637	0.045118	0.115895	0.834489	0	0.00449845
1638	1638	0.045118	0.115895	0.834489	0	0.00449845
1639	1639	0.045118	0.115895	0.834489	0	0.00449845
1640	1640	0.045118	0.115895	0.834489	0	0.00449845
1641	1641	0.045118	0.115895	0.834489	0	0.00449845
1642	1642	0.045118	0.115895	0.834489	0	0.00449845
1643	1643	0.045118	0.115895	0.834489	0	0.00449845
1644	1644	0.045118	0.115895	0.834489	0	0.00449845
1645	1645	0.045118	0.115895	0.834489	0	0.00449845
1646	1646	0.045118	0.115895	0.834489	0	0.00449845
1647	1647	0.045118	0.115895	0.834489	0	0.00449845
1648	1648	0.045118	0.115895	0.834489	0	0.00449845
1649	1649	0.045118	0.115895	0.834489	0	0.00449845
1650	1650	0.045118	0.115895	0.834489	0	0.00449845
1651	1651	0.045118	0.115895	0.834489	0	0.00449845
1652	1652	0.045118	0.115895	0.834489	0	0.00449845
1653	1653	0.045118	0.115895	0.834489	0	0.00449845
1654	1654	0.045118	0.115895	0.834489	0	0.00449845
1655	1655	0.045118	0.115895	0.834489	0	0.00449845
1656	1656	0.045118	0.115895	0.834489	0	0.00449845
1657	1657	0.045118	0.115895	0.834489	0	0.00449845
1658	1658	0.045118	0.115895	0.834489	0	0.00449845
1659	1659	0.045118	0.115895	0.834489	0	0.00449845
1660	1660	0.045118	0.115895	0.834489	0	0.00449845
1661	1661	0.045118	0.115895	0.834489	0	0.00449845
1662	1662	0.045118	0.115895	0.834489	0	0.00449845
1663	1663	0.045118	0.115895	0.834489	0	0.00449845
1664	1664	0.045118	0.115895	0.834489	0	0.00449845
1665	1665	0.045118	0.115895	0.834489	0	0.00449845
1666	1666	0.045118	0.115895	0.834489	0	0.00449845
1667	1667	0.045118	0.115895	0.834489	0	0.00449845
1668	1668	0.045118	0.115895	0.834489	0	0.00449845
1669	1669	0.045118	0.115895	0.834489	0	0.00449845
1670	1670	0.045118	0.115895	0.834489	0	0.00449845
1671	1671	0.045118	0.115895	0.834489	0	0.00449845
1672	1672	0.045118	0.115895	0.834489	0	0.00449845
1673	1673	0.045118	0.115895	0.834489	0	0.00449845
1674	1674	0.045118	0.115895	0.834489	0	0.00449845
1675	1675	0.045118	0.115895	0.834489	0	0.00449845
1676	1676	0.045118	0.115895	0.834489	0	0.00449845
1677	1677	0.045118	0.115895	0.834489	0	0.00449845
1678	1678	0.045118	0.115895	0.834489	0	0.00449845
1679	1679	0.045118	0.115895	0.834489	0	0.00449845
1680	1680	0.045118	0.115895	0.834489	0	0.00449845
1681	1681	0.045118	0.115895	0.834489	0	0.00449845
1682	1682	0.045118	0.115895	0.834489	0	0.00449845
1683	1683	0.045118	0.115895	0.834489	0	0.00449845
1684	1684	0.045118	0.115895	0.834489	0	0.00449845
1685	1685	0.045118	0.115895	0.834489	0	0.00449845
1686	1686	0.045118	0.115895	0.834489	0	0.00449845
1687	1687	0.045118	0.115895	0.834489	0	0.00449845
1688	1688	0.045118	0.115895	0.834489	0	0.00449845
1689	1689	0.045118	0.115895	0.834489	0	0.00449845
1690	1690	0.045118	0.115895	0.834489	0	0.00449845
1691	1691	0.045118	0.115895	0.834489	0	0.00449845
1692	1692	0.045118	0.115895	0.834489	0	0.00449845
1693	1693	0.045118	0.115895	0.834489	0	0.00449845
1694	1694	0.045118	0.115895	0.834489	0	0.00449845
1695	1695	0.045118	0.115895	0.834489	0	0.00449845
1696	1696	0.045118	0.115895	0.834489	0	0.00449845
1697	1697	0.045118	0.115895	0.834489	0	0.00449845
1698	1698	0.045118	0.115895	0.834489	0	0.00449845
1699	1699	0.045118	0.115895	0.834489	0	0.00449845
1700	1700	0.045118	0.115895	0.834489	0	0.00449845
1701	1701	0.045118	0.115895	0.834489	0	0.00449845
1702	1702	0.045118	0.115895	0.834489	0	0.00449845
1703	1703	0.045118	0.115895	0.834489	0	0.00449845
1704	1704	0.045118	0.115895	0.834489	0	0.00449845
1705	1705	0.045118	0.115895	0.834489	0	0.00449845
1706	1706	0.045118	0.115895	0.834489	0	0.00449845
1707	1707	0.045118	0.115895	0.834489	0	0.00449845
1708	1708	0.045118	0.115895	0.834489	0	0.00449845
1709	1709	0.045118	0.115895	0.834489	0	0.00449845
1710	1710	0.045118	0.115895	0.834489	0	0.00449845
1711	1711	0.045118	0.115895	0.834489	0	0.00449845
1712	1712	0.045118	0.115895	0.834489	0	0.00449845
1713	1713	0.045118	0.115895	0.834489	0	0.00449845
1714	1714	0.045118	0.115895	0.834489	0	0.00449845
1715	1715	0.045118	0.115895	0.834489	0	0.00449845
1716	1716	0.045118	0.115895	0.834489	0	0.00449845
1717	1717	0.045118	0.115895	0.834489	0	0.00449845
1718	1718	0.045118	0.115895	0.834489	0	0.00449845
1719	1719	0.045118	0.115895	0.834489	0	0.00449845
1720	1720	0.045118	0.115895	0.834489	0	0.00449845
1721	1721	0.045118	0.115895	0.834489	0	0.00449845
1722	1722	0.045118	0.115895	0.834489	0	0.00449845
1723	1723	0.045118	0.115895	0.834489	0	0.00449845
1724	1724	0.045118	0.115895	0.834489	0	0.00449845
1725	1725	0.045118	0.115895	0.834489	0	0.00449845
1726	1726	0.045118	0.115895	0.834489	0	0.00449845
1727	1727	0.045118	0.115895	0.834489	0	0.00449845
1728	1728	0.045118	0.115895	0.834489	0	0.00449845
1729	1729	0.045118	0.115895	0.834489	0	0.00449845
1730	1730	0.045118	0.115895	0.834489	0	0.00449845
1731	1731	0.045118	0.115895	0.834489	0	0.00449845
1732	1732	0.045118	0.115895	0.834489	0	0.00449845
1733	1733	0.045118	0.115895	0.834489	0	0.00449845
1734	1734	0.045118	0.115895	0.834489	0	0.00449845
1735	1735	0.045118	0.115895	0.834489	0	0.00449845
1736	1736	0.045118	0.115895	0.834489	0	0.00449845
1737	1737	0.045118	0.115895	0.834489	0	0.00449845
1738	1738	0.045118	0.115895	0.834489	0	0.00449845
1739	1739	0.045118	0.115895	0.834489	0	0.00449845
1740	1740	0.045118	0.115895	0.834489	0	0.00449845
1741	1741	0.045118	0.115895	0.834489	0	0.00449845
1742	1742	0.045118	0.115895	0.834489	0	0.00449845
1743	1743	0.045118	0.115895	0.834489	0	0.00449845
1744	1744	0.045118	0.115895	0.834489	0	0.00449845
1745	1745	0.045118	0.115895	0.834489	0	0.00449845
1746	1746	0.045118	0.115895	0.834489	0	0.00449845
1747	1747	0.045118	0.115895	0.834489	0	0.00449845
1748	1748	0.045118	0.115895	0.834489	0	0.00449845
1749	1749	0.045118	0.115895	0.834489	0	0.00449845
1750	1750	0.045118	0.115895	0.834489	0	0.00449845
1751	1751	0.045118	0.115895	0.834489	0	0.00449845
1752	1752	0.045118	0.115895	0.834489	0	0.00449845
1753	1753	0.045118	0.115895	0.834489	0	0.00449845
1754	1754	0.045118	0.115895	0.834489	0	0.00449845
1755	1755	0.045118	0.115895	0.834489	0	0.00449845
1756	1756	0.045118	0.115895	0.834489	0	0.00449845
1757	1757	0.045118	0.115895	0.834489	0	0.00449845
1758	1758	0.045118	0.115895	0.834489	0	0.00449845
1759	1759	0.045118	0.115895	0.834489	0	0.00449845
1760	1760	0.045118	0.115895	0.834489	0	0.00449845
1761	1761	0.045118	0.115895	0.834489	0	0.00449845
1762	1762	0.045118	0.115895	0.834489	0	0.00449845
1763	1763	0.045118	0.115895	0.834489	0	0.00449845
1764	1764	0.045118	0.115895	0.834489	0	0.00449845
1765	1765	0.045118	0.115895	0.834489	0	0.00449845
1766	1766	0.045118	0.115895	0.834489	0	0.00449845
1767	1767	0.045118	0.115895	0.834489	0	0.00449845
1768	1768	0.045118	0.115895	0.834489	0	0.00449845
1769	1769	0.045118	0.115895	0.834489	0	0.00449845
1770	1770	0.045118	0.115895	0.834489	0	0.00449845
1771	1771	0.045118	0.115895	0.834489	0	0.00449845
1772	1772	0.045118	0.115895	0.834489	0	0.00449845
1773	1773	0.045118	0.115895	0.834489	0	0.00449845
1774	1774	0.045118	0.115895	0.834489	0	0.00449845
1775	1775	0.045118	0.115895	0.834489	0	0.00449845
1776	1776	0.045118	0.115895	0.834489	0	0.00449845
1777	1777	0.045118	0.115895	0.834489	0	0.00449845
1778	1778	0.045118	0.115895	0.834489	0	0.00449845
1779	1779	0.045118	0.115895	0.834489	0	0.00449845
1780	1780	0.045118	0.115895	0.834489	0	0.00449845
1781	1781	0.045118	0.115895	0.834489	0	0.00449845
1782	1782	0.045118	0.115895	0.834489	0	0.00449845
1783	1783	0.045118	0.115895	0.834489	0	0.00449845
1784	1784	0.045118	0.115895	0.834489	0	0.00449845
1785	1785	0.045118	0.115895	0.834489	0	0.00449845
1786	1786	0.045118	0.115895	0.834489	0	0.00449845
1787	1787	0.045118	0.115895	0.834489	0	0.00449845
1788	1788	0.045118	0.115895	0.834489	0	0.00449845
1789	1789	0.045118	0.115895	0.834489	0	0.00449845
1790	1790	0.045118	0.115895	0.834489	0	0.00449845
1791	1791	0.045118	0.115895	0.834489	0	0.00449845
1792	1792	0.045118	0.115895	0.834489	0	0.00449845
1793	1793	0.045118	0.115895	0.834489	0	0.00449845
1794	1794	0.045118	0.115895	0.834489	0	0.00449845
1795	1795	0.045118	0.115895	0.834489	0	0.00449845
1796	1796	0.045118	0.115895	0.834489	0	0.00449845
1797	1797	0.045118	0.115895	0.834489	0	0.00449845
1798	1798	0.045118	0.115895	0.834489	0	0.00449845
1799	1799	0.045118	0.115895	0.834489	0	0.00449845
1800	1800	0.045118	0.115895	0.834489	0	0.00449845
