792.0 2.2179182198947912e+23
782.0 8388759179776518.0
772.0 10187398842374.35
762.0 627155081571.0068
752.0 94006147109.84021
742.0 23228751330.544117
732.0 7921575616.478842
722.0 3387507306.037026
712.0 1714561800.641223
702.0 989484867.0227939
692.0 634675246.1302438
682.0 444287063.1604054
672.0 334902910.0299436
662.0 269102309.09134656
652.0 228689982.87141305
642.0 204290410.9740855
632.0 190895948.10900107
622.0 185859408.28959343
612.0 187936196.2064722
602.0 196870034.48836035
592.0 213163896.92601684
582.0 238139830.6851614
572.0 274177730.79705477
562.0 324850693.6425736
792.0 2.2179182198947912e+23
782.0 8388759179776518.0
772.0 10187398842374.35
762.0 627155081571.0068
752.0 94006147109.84021
742.0 23228751330.544117
732.0 7921575616.478842
722.0 3387507306.037026
712.0 1714561800.641223
702.0 989484867.0227939
692.0 634675246.1302438
682.0 444287063.1604054
672.0 334902910.0299436
662.0 269102309.09134656
652.0 228689982.87141305
642.0 204290410.9740855
632.0 190895948.10900107
622.0 185859408.28959343
612.0 187936196.2064722
602.0 196870034.48836035
592.0 213163896.92601684
582.0 238139830.6851614
572.0 274177730.79705477
562.0 324850693.6425736
