762.0 2.9396419027952763e+18
752.0 17708534774.50733
742.0 139373098.50160962
732.0 8728100.569925789
722.0 1331510.2798181563
712.0 335026.92769542965
702.0 116409.07600908373
692.0 50747.008938350344
682.0 26200.13306640936
672.0 15432.99642177549
662.0 10110.25060474054
652.0 7233.323740868658
642.0 5576.546972907936
632.0 4586.1388593289785
622.0 3992.1025145886183
612.0 3655.762971564157
602.0 3504.8010307350933
592.0 3503.975637072335
582.0 3641.7309411061947
572.0 3924.541768630801
562.0 4376.130806186112
