771.0 904971.3667764771
770.0 114567.8174226832
769.0 34380.89990374483
768.0 14690.61669550548
767.0 7618.327457775553
766.0 4465.563059742056
765.0 2848.438836331594
764.0 1932.915377749943
763.0 1375.14290257181
762.0 1015.497183243438
761.0 772.8849799396318
760.0 603.0790647078596
759.0 480.5337566018381
758.0 389.7774861904993
757.0 321.0590693773491
756.0 268.0202631175588
755.0 226.3918027864292
754.0 193.2328195653091
753.0 166.4714029248274
752.0 144.6184211327331
751.0 126.5843558429709
750.0 111.559198284926
749.0 98.93196799454869
748.0 88.23571636817661
747.0 79.10927207503791
746.0 71.27019801994422
745.0 64.49538906843586
744.0 58.60696127037399
743.0 53.46186012574898
742.0 48.94411856424617
741.0 44.95902672610619
740.0 41.42869737365508
739.0 38.28866128832791
738.0 35.48523057496062
737.0 32.97343995362054
736.0 30.71542698824236
735.0 28.67914845875888
734.0 26.83735619463553
733.0 25.16677467564682
732.0 23.64743664071829
731.0 22.26214326116645
730.0 20.99602313354254
729.0 19.83617013793853
728.0 18.77134459513014
727.0 17.79172550359298
726.0 16.88870420868861
725.0 16.05471184376859
724.0 15.28307442842791
723.0 14.56789071786707
722.0 13.90392884788837
721.0 13.28653857152995
720.0 12.71157648042837
719.0 12.17534208071062
718.0 11.67452297557951
717.0 11.20614771481621
716.0 10.76754512067279
715.0 10.35630910212996
714.0 9.970268134663918
713.0 9.607458717898565
712.0 9.266102234649988
711.0 8.94458472651307
710.0 8.641439176976174
709.0 8.355329956007859
708.0 8.08503913249488
707.0 7.829454404717922
706.0 7.58755843575513
705.0 7.358419411549296
704.0 7.141182665365066
703.0 6.935063234324678
702.0 6.739339232315001
701.0 6.5533459393605
700.0 6.376470521009616
699.0 6.208147302763876
698.0 6.047853534400775
697.0 5.895105587461751
696.0 5.749455536412404
695.0 5.610488080211543
694.0 5.477817766401805
693.0 5.351086484482086
692.0 5.229961199348095
691.0 5.114131899082396
690.0 5.003309734413588
689.0 4.897225329811913
688.0 4.795627248498275
687.0 4.698280595663612
686.0 4.604965745963614
685.0 4.515477182905105
684.0 4.429622439102782
683.0 4.347221127584073
682.0 4.268104055376356
681.0 4.192112411543047
680.0 4.119097022659296
679.0 4.048917669447414
678.0 3.981442458938288
677.0 3.916547247099216
676.0 3.854115107377994
675.0 3.794035841067163
674.0 3.736205525796363
673.0 3.680526098821388
672.0 3.62690497210065
671.0 3.575254676437851
670.0 3.52549253222745
669.0 3.477540344570762
668.0 3.431324120737825
667.0 3.386773808136587
666.0 3.343823051118566
665.0 3.302408965100767
664.0 3.262471926619836
663.0 3.223955378056974
662.0 3.186805645882749
661.0 3.150971771371208
660.0 3.116405352823155
659.0 3.083060398420441
658.0 3.050893188907629
657.0 3.019862149364531
656.0 2.989927729394679
655.0 2.961052291110252
654.0 2.933200004344659
653.0 2.906336748570142
652.0 2.880430021039681
651.0 2.855448850710848
650.0 2.831363717544237
649.0 2.80814647680085
648.0 2.785770287992354
647.0 2.764209548164471
646.0 2.743439829218402
645.0 2.723437818997608
644.0 2.704181265887619
643.0 2.685648926695622
642.0 2.667820517593688
641.0 2.650676667925505
640.0 2.634198876690999
639.0 2.618369471536829
638.0 2.603171570092858
637.0 2.58858904350643
636.0 2.574606482036502
635.0 2.561209162579562
634.0 2.548383018008169
633.0 2.536114608211069
632.0 2.524391092731829
631.0 2.513200204909571
630.0 2.502530227432247
629.0 2.492369969218811
628.0 2.482708743552215
627.0 2.473536347390457
626.0 2.464843041787703
625.0 2.45661953336184
624.0 2.448856956749167
623.0 2.441546857990716
622.0 2.434681178798134
621.0 2.428252241650638
620.0 2.422252735677534
619.0 2.416675703283556
618.0 2.411514527477256
617.0 2.406762919864901
616.0 2.402414909274837
615.0 2.398464830979433
614.0 2.394907316483676
613.0 2.39173728385157
612.0 2.388949928542922
611.0 2.386540714735265
610.0 2.384505367106725
609.0 2.382839863057381
608.0 2.381540425347988
607.0 2.38060351513613
606.0 2.380025825391109
605.0 2.379804274670029
604.0 2.379936001238552
603.0 2.38041835752076
602.0 2.381248904863589
601.0 2.382425408601997
600.0 2.38394583341208
599.0 2.385808338939914
598.0 2.38801127569474
597.0 2.390553181195768
596.0 2.393432776362505
595.0 2.396648962139153
594.0 2.400200816344188
593.0 2.40408759073673
592.0 2.408308708291908
591.0 2.412863760677843
590.0 2.417752505927386
589.0 2.422974866298061
588.0 2.42853092631433
587.0 2.434420930986403
586.0 2.440645284200318
585.0 2.447204547274437
584.0 2.454099437677741
583.0 2.461330827905637
582.0 2.46889974450928
581.0 2.476807367274967
580.0 2.485055028549791
579.0 2.493644212710945
578.0 2.502576555775365
577.0 2.511853845147441
576.0 2.521478019502135
575.0 2.531451168801576
574.0 2.541775534443041
573.0 2.552453509536728
572.0 2.563487639311624
571.0 2.574880621648405
570.0 2.58663530773797
569.0 2.598754702864797
568.0 2.611241967314421
567.0 2.624100417404271
566.0 2.637333526637601
565.0 2.650944926980235
564.0 2.664938410259926
563.0 2.679317929688604
562.0 2.69408760150756
561.0 2.709251706756149
560.0 2.72481469316434
559.0 2.740781177170028
558.0 2.757155946061813
557.0 2.773943960248265
556.0 2.79115035565499
555.0 2.80878044625052
554.0 2.826839726702749
553.0 2.845333875167305
