762.0 2.6792361331405967
752.0 2.679242202049361
742.0 2.6792360398364736
732.0 2.6792369704561696
722.0 2.679237270018784
712.0 2.679237576921977
702.0 2.6792372233506643
692.0 2.6792372322746814
682.0 2.6792367118784157
672.0 2.6792368785862193
662.0 2.67923705831824
652.0 2.679237292013269
642.0 2.6792390970414277
632.0 2.6792380098729804
622.0 2.679236958520221
612.0 2.679238626805852
602.0 2.6792397595701223
592.0 2.679237306901767
582.0 2.67923658720408
572.0 2.6792372311514145
562.0 2.679235186026367
