771.0 8296108.25892588
770.0 1050273.0265522252
769.0 315178.6654386067
768.0 134672.71006641697
767.0 69839.19233465014
766.0 40936.97982140769
765.0 26112.3808141131
764.0 17719.538780851675
763.0 12606.293204464548
762.0 9309.327209799652
761.0 7085.23794307036
760.0 5528.582884704616
759.0 4405.178122969103
758.0 3573.1917506369714
757.0 2943.2321229698764
756.0 2457.0115696912044
755.0 2075.3926298681617
754.0 1771.4155929612402
753.0 1526.0867154272692
752.0 1325.7547387666975
751.0 1160.4317644881537
750.0 1022.6922311889235
749.0 906.9351217982636
748.0 808.8797968290569
747.0 725.2153046091222
746.0 653.3524707136738
745.0 591.2460322575545
744.0 537.265280732125
743.0 490.0987982709453
742.0 448.68348453170546
741.0 412.1511095586343
740.0 379.7876607548091
739.0 351.0021319997958
738.0 325.30235237324626
737.0 302.27611344082817
736.0 281.5763203881907
735.0 262.90922466990844
734.0 246.02503520870343
733.0 230.71037924753395
732.0 216.7822117027769
731.0 204.0828664316972
730.0 192.4760134049675
729.0 181.84333885942388
728.0 172.08180572774617
727.0 163.10138233064865
726.0 154.8231508885567
725.0 147.17772562925882
724.0 140.1039244358503
723.0 133.54764906001446
722.0 127.46093763978166
721.0 121.80116014989032
720.0 116.53033288653972
719.0 111.6145324584391
718.0 107.02339326128893
717.0 102.72967523688789
716.0 98.70889100299497
715.0 94.93898329646346
714.0 91.40004518631454
713.0 88.07407675312034
712.0 84.9447729498367
711.0 81.99733819933734
710.0 79.21832397911072
709.0 76.59548622073521
708.0 74.11765983243161
707.0 71.77464805459115
706.0 69.55712469464069
705.0 67.45654757038592
704.0 65.46508172922817
703.0 63.57553121198892
702.0 61.7812783006218
701.0 60.076229333955744
700.0 58.45476629893331
699.0 56.91170351007229
698.0 55.442248779909654
697.0 54.04196856038331
696.0 52.70675660143756
695.0 51.432805730244304
694.0 50.21658240371874
693.0 49.05480372961164
692.0 47.94441668836832
691.0 46.88257931998535
690.0 45.86664366794827
689.0 44.8941402966051
688.0 43.96276421950399
687.0 43.07036209474161
686.0 42.21492055957556
685.0 41.39455559077708
684.0 40.60750278968849
683.0 39.85210850194241
682.0 39.12682169148515
681.0 38.43018649709167
680.0 37.76083540711756
679.0 37.11748299491801
678.0 36.49892016328781
677.0 35.90400885154035
676.0 35.33167716351297
675.0 34.78091487894823
674.0 34.250769314405865
673.0 33.74034150316502
672.0 33.24878266652983
671.0 32.77529095159257
670.0 32.31910841287171
669.0 31.87951821736172
668.0 31.45584205443235
667.0 31.047437733723996
666.0 30.65369695572177
665.0 30.274043241072256
664.0 29.90793000595538
663.0 29.55483877194666
662.0 29.21427749982011
661.0 28.885779037660583
660.0 28.568899674483063
659.0 28.263217791310073
658.0 27.96833260233841
657.0 27.68386297944466
656.0 27.40944635384176
655.0 27.144737689207606
654.0 26.889408521071527
653.0 26.643146057667355
652.0 26.40565233784642
651.0 26.17664344199496
650.0 25.95584875222197
649.0 25.743010258373516
648.0 25.537881906701248
647.0 25.34022898825393
646.0 25.1498275642864
645.0 24.966463926187092
644.0 24.789934087609684
643.0 24.620043306671942
642.0 24.456605636239452
641.0 24.29944350045982
640.0 24.148387295846007
639.0 24.003275015331354
638.0 23.863951893831082
637.0 23.7302700739514
636.0 23.602088290582063
635.0 23.479271573197842
634.0 23.361690964777132
633.0 23.249223256318945
632.0 23.141750736014355
631.0 23.03916095218765
630.0 22.94134648918703
629.0 22.84820475545733
628.0 22.75963778307953
627.0 22.675552038109767
626.0 22.59585824109465
625.0 22.52047119717949
624.0 22.44930963526583
623.0 22.38229605570965
622.0 22.319356586082435
621.0 22.260420844551266
620.0 22.205421810460013
619.0 22.154295701720486
618.0 22.10698185864838
617.0 22.063422633900263
616.0 22.0235632881901
615.0 21.987351891484117
614.0 21.954739229390047
613.0 21.925678714476785
612.0 21.900126302272838
611.0 21.87804041171211
610.0 21.859381849805278
609.0 21.844113740330982
608.0 21.832201456353136
607.0 21.82361255638148
606.0 21.818316724004102
605.0 21.8162857108313
604.0 21.81749328259895
603.0 21.821915168288918
602.0 21.82952901213329
601.0 21.840314328375545
600.0 21.85425245867123
599.0 21.871326532016553
598.0 21.89152142710002
597.0 21.914823736979308
596.0 21.941221735990297
595.0 21.97070534880218
594.0 22.003266121536743
593.0 22.038897194874902
592.0 22.07759327907936
591.0 22.11935063086543
590.0 22.164167032057183
589.0 22.21204176996915
588.0 22.26297561945904
587.0 22.316970826599302
586.0 22.374031093918436
585.0 22.434161567168093
584.0 22.497368823573346
583.0 22.563660861526813
582.0 22.633047091690404
581.0 22.705538329472404
580.0 22.781146788845653
579.0 22.859886077482606
578.0 22.941771193176656
577.0 23.026818521529464
576.0 23.11504583487941
575.0 23.20647229245377
574.0 23.301118441725222
573.0 23.399006220958377
572.0 23.500158962930357
571.0 23.604601399816126
570.0 23.712359669225325
569.0 23.82346132138367
568.0 23.937935327451857
567.0 24.05581208897568
566.0 24.17712344846427
565.0 24.301902701094434
564.0 24.430184607538962
563.0 24.56200540792136
562.0 24.69740283689785
561.0 24.836416139871353
560.0 24.979086090341106
559.0 25.125455008395825
558.0 25.275566780357245
557.0 25.42946687958279
556.0 25.58720238844042
555.0 25.74882202146393
554.0 25.914376149705202
553.0 26.08391682629602
