762.0 9.833456396934892e-07
752.0 0.7583803730813647
742.0 0.9714156115327233
732.0 0.9856277947949711
722.0 0.9891129846124506
712.0 0.9896166289179814
702.0 0.9896166163787099
692.0 0.9898608082823355
682.0 0.9898607881538221
672.0 0.9898607936870801
662.0 0.9898607999862372
652.0 0.9898608078217856
642.0 0.989981096832574
632.0 0.9899810576890825
622.0 0.9899810225909553
612.0 0.9899810798898804
602.0 0.9899811213186233
592.0 0.989981033266586
582.0 0.9899810074621104
572.0 0.9899810300760107
562.0 0.9899809613343803
